src	dst
0	0
1	1
1	8
1	40
1	41
1	44
1	1338
1	1339
1	1340
1	1341
2	2
2	28
2	33
2	34
2	653
3	3
4	4
4	1256
4	1257
4	1259
5	5
6	6
6	7
6	11
6	18
6	30
6	70
6	1460
6	1463
6	1466
6	1467
6	1468
6	1470
7	6
7	7
7	8
7	18
7	69
7	70
7	521
7	789
7	1460
7	1464
7	1465
7	1466
7	1467
7	1468
7	1470
8	1
8	7
8	8
8	35
8	41
8	44
8	69
8	70
8	760
8	1338
8	1339
8	1340
8	1341
8	1460
8	1464
8	1466
8	1467
8	1470
9	9
9	10
9	33
9	34
9	45
9	48
9	55
9	68
9	69
9	653
9	795
10	9
10	10
10	33
10	34
10	45
10	48
10	55
10	68
10	69
10	653
10	795
11	6
11	11
11	18
11	1337
11	1468
12	12
12	13
12	14
12	353
12	398
13	12
13	13
13	14
13	353
13	398
14	12
14	13
14	14
14	1261
14	1439
15	15
16	16
17	17
17	119
17	178
17	179
17	180
17	190
17	234
17	1355
17	1356
17	1377
18	6
18	7
18	11
18	18
18	30
18	1460
18	1463
18	1467
18	1468
18	1470
19	19
20	20
20	28
20	33
20	34
20	36
20	45
20	46
20	48
20	55
20	57
20	66
20	67
20	69
20	653
20	657
20	795
20	810
21	21
22	22
23	23
24	24
24	25
25	24
25	25
26	26
27	27
27	29
27	37
27	39
27	639
27	1297
28	2
28	20
28	28
28	29
28	33
28	34
28	57
28	653
29	27
29	28
29	29
29	639
30	6
30	18
30	30
30	67
30	1345
30	1468
31	31
31	32
31	40
31	41
32	31
32	32
32	40
32	41
33	2
33	9
33	10
33	20
33	28
33	33
33	34
33	45
33	46
33	48
33	55
33	57
33	66
33	68
33	69
33	539
33	540
33	653
33	657
33	795
33	810
33	1179
34	2
34	9
34	10
34	20
34	28
34	33
34	34
34	45
34	46
34	48
34	55
34	57
34	66
34	68
34	69
34	539
34	540
34	653
34	657
34	795
34	810
34	1179
35	8
35	35
35	52
35	123
36	20
36	36
36	37
36	39
36	51
36	57
36	67
36	131
36	1297
36	1452
37	27
37	36
37	37
37	39
37	67
37	755
37	1297
38	38
39	27
39	36
39	37
39	39
39	67
39	755
39	1297
40	1
40	31
40	32
40	40
40	41
40	44
40	1338
40	1339
40	1340
40	1341
41	1
41	8
41	31
41	32
41	40
41	41
41	44
41	1338
41	1339
41	1340
41	1341
41	1410
42	42
42	43
42	47
42	72
43	42
43	43
43	47
43	72
44	1
44	8
44	40
44	41
44	44
44	1337
44	1338
44	1339
44	1340
44	1341
45	9
45	10
45	20
45	33
45	34
45	45
45	46
45	48
45	55
45	56
45	57
45	58
45	60
45	61
45	63
45	68
45	69
45	83
45	540
45	653
45	657
45	736
45	795
45	1109
45	1179
46	20
46	33
46	34
46	45
46	46
46	48
46	55
46	56
46	57
46	61
46	66
46	69
46	539
46	653
46	657
46	795
47	42
47	43
47	47
47	1410
48	9
48	10
48	20
48	33
48	34
48	45
48	46
48	48
48	55
48	57
48	61
48	68
48	69
48	540
48	653
48	657
48	795
48	1179
49	49
49	58
49	657
50	50
50	64
50	357
51	36
51	51
51	54
51	67
51	789
51	1215
52	35
52	52
53	53
53	60
53	83
54	51
54	54
54	789
54	1215
55	9
55	10
55	20
55	33
55	34
55	45
55	46
55	48
55	55
55	56
55	57
55	60
55	61
55	66
55	68
55	69
55	242
55	539
55	540
55	653
55	657
55	736
55	795
55	1109
55	1179
56	45
56	46
56	55
56	56
56	57
56	60
56	61
56	69
56	242
56	736
56	1109
57	20
57	28
57	33
57	34
57	36
57	45
57	46
57	48
57	55
57	56
57	57
57	60
57	61
57	66
57	69
57	242
57	289
57	539
57	653
57	657
57	736
57	795
57	810
57	1109
57	1224
58	45
58	49
58	58
58	59
58	657
59	58
59	59
59	655
60	45
60	53
60	55
60	56
60	57
60	60
60	61
60	242
60	736
60	1109
60	1224
61	45
61	46
61	48
61	55
61	56
61	57
61	60
61	61
61	69
61	94
61	242
61	289
61	736
61	795
61	1109
61	1213
61	1224
62	62
62	63
62	296
62	347
62	786
62	1326
62	1399
62	1451
63	45
63	62
63	63
63	296
63	347
63	786
63	1326
63	1399
63	1451
64	50
64	64
64	357
65	65
65	803
65	804
65	805
65	806
65	1353
65	1354
66	20
66	33
66	34
66	46
66	55
66	57
66	66
66	67
66	653
66	657
66	795
66	810
67	20
67	30
67	36
67	37
67	39
67	51
67	66
67	67
67	755
67	1297
67	1452
68	9
68	10
68	33
68	34
68	45
68	48
68	55
68	68
68	69
68	653
68	795
69	7
69	8
69	9
69	10
69	20
69	33
69	34
69	45
69	46
69	48
69	55
69	56
69	57
69	61
69	68
69	69
69	540
69	653
69	657
69	795
69	1179
69	1464
70	6
70	7
70	8
70	70
70	71
70	825
70	1460
70	1464
70	1465
70	1466
70	1467
70	1468
70	1470
71	70
71	71
71	825
71	1464
71	1466
72	42
72	43
72	72
72	123
73	73
74	74
74	187
74	201
74	439
74	682
74	729
74	773
74	779
74	855
75	75
75	122
75	241
75	244
75	556
75	588
75	661
75	848
75	849
75	850
75	851
75	861
75	862
75	865
75	868
75	937
75	962
75	1032
75	1144
75	1145
75	1292
75	1323
75	1366
75	1369
75	1372
75	1373
75	1404
75	1405
76	76
77	77
78	78
78	92
79	79
79	80
79	87
79	88
80	79
80	80
80	88
81	81
81	1196
81	1226
82	82
82	110
82	111
82	112
82	342
82	343
82	344
82	345
82	362
82	363
82	364
82	365
82	372
82	378
82	1423
83	45
83	53
83	83
84	84
84	133
85	85
86	86
87	79
87	87
87	89
88	79
88	80
88	88
89	87
89	89
90	90
91	91
92	78
92	92
93	93
94	61
94	94
95	95
95	345
95	378
95	379
95	884
96	96
96	97
96	367
96	368
97	96
97	97
97	367
97	368
98	98
99	99
99	733
99	734
99	735
99	1294
99	1295
100	100
101	101
102	102
103	103
103	104
103	299
103	815
103	816
103	818
103	819
103	823
103	887
103	1181
104	103
104	104
104	815
104	816
104	818
104	819
104	823
104	887
104	1181
105	105
106	106
107	107
107	341
107	346
108	108
108	109
108	113
109	108
109	109
109	113
110	82
110	110
110	111
110	112
110	365
110	372
110	378
110	1019
110	1020
110	1021
111	82
111	110
111	111
111	112
111	365
111	378
111	1020
111	1021
112	82
112	110
112	111
112	112
112	365
112	378
112	1020
112	1021
113	108
113	109
113	113
114	114
114	140
114	144
114	145
115	115
115	116
115	152
115	163
115	186
115	187
116	115
116	116
116	163
117	117
117	887
118	118
118	127
118	129
118	189
118	197
118	1155
119	17
119	119
119	120
119	178
119	179
119	180
119	190
119	191
119	1355
119	1377
120	119
120	120
120	178
120	179
120	180
120	190
120	191
120	1356
120	1377
121	121
122	75
122	122
122	556
122	588
122	661
122	759
122	848
122	849
122	850
122	851
122	937
122	962
122	1032
122	1144
122	1145
122	1366
122	1372
122	1373
122	1404
122	1405
123	35
123	72
123	123
123	760
124	124
125	125
126	126
126	130
126	433
126	538
126	952
126	1022
126	1026
126	1286
126	1287
126	1288
126	1406
126	1421
127	118
127	127
127	128
127	129
127	287
127	1010
127	1155
127	1367
127	1368
128	127
128	128
128	129
128	287
128	1010
128	1155
128	1367
128	1368
129	118
129	127
129	128
129	129
129	287
129	317
129	1010
129	1155
129	1367
129	1368
130	126
130	130
130	433
130	538
130	952
130	1022
130	1026
130	1286
130	1287
130	1288
130	1406
130	1421
131	36
131	131
131	761
131	882
132	132
133	84
133	133
134	134
135	135
136	136
136	176
136	240
136	264
136	662
136	663
136	756
136	767
137	137
137	170
137	638
138	138
139	139
139	210
139	227
139	673
139	1256
140	114
140	140
140	144
140	145
140	199
141	141
141	154
141	156
141	157
141	194
141	195
141	228
141	253
142	142
143	143
144	114
144	140
144	144
144	145
145	114
145	140
145	144
145	145
146	146
146	151
146	161
146	162
146	339
147	147
147	152
147	153
147	193
147	385
147	386
147	387
147	438
147	501
147	640
147	641
147	665
147	708
147	779
147	1094
147	1300
148	148
148	237
149	149
149	721
149	874
150	150
151	146
151	151
151	161
151	764
152	115
152	147
152	152
152	153
152	163
152	186
152	187
152	385
152	438
152	439
152	501
152	640
152	708
152	743
152	773
152	779
152	1300
153	147
153	152
153	153
153	187
153	193
153	385
153	386
153	387
153	438
153	439
153	501
153	640
153	641
153	708
153	773
153	775
153	779
153	1094
153	1300
154	141
154	154
154	156
154	157
154	194
154	195
154	228
154	808
154	809
155	155
156	141
156	154
156	156
156	157
156	194
156	195
156	228
156	253
156	808
156	809
157	141
157	154
157	156
157	157
157	159
157	194
157	195
157	228
157	253
157	808
157	809
158	158
159	157
159	159
159	175
159	393
159	704
159	1040
160	160
160	391
160	1288
160	1406
161	146
161	151
161	161
161	162
162	146
162	161
162	162
162	262
163	115
163	116
163	152
163	163
163	186
163	187
163	439
164	164
165	165
166	166
166	167
167	166
167	167
168	168
168	169
168	437
168	548
168	605
168	607
168	608
168	609
168	610
168	980
168	1166
169	168
169	169
169	437
169	548
169	605
169	606
169	607
169	608
169	609
169	980
169	1166
170	137
170	170
170	654
170	688
171	171
172	172
173	173
173	174
173	874
174	173
174	174
175	159
175	175
175	658
175	659
176	136
176	176
176	249
176	338
176	662
176	688
176	1376
177	177
177	256
177	257
177	258
177	259
177	306
177	570
177	571
177	572
177	578
177	1256
177	1346
178	17
178	119
178	120
178	178
178	179
178	180
178	190
178	191
178	1355
178	1377
179	17
179	119
179	120
179	178
179	179
179	180
179	190
179	191
179	1355
179	1377
180	17
180	119
180	120
180	178
180	179
180	180
180	190
180	191
180	234
180	1355
180	1377
181	181
181	196
181	197
181	266
181	354
181	655
181	794
181	1082
181	1138
182	182
183	183
183	943
183	1209
183	1256
184	184
184	779
185	185
185	212
186	115
186	152
186	163
186	186
186	187
186	192
186	1383
187	74
187	115
187	152
187	153
187	163
187	186
187	187
187	386
187	438
187	439
187	657
187	682
187	743
187	773
187	779
187	855
188	188
189	118
189	189
189	197
190	17
190	119
190	120
190	178
190	179
190	180
190	190
190	191
190	1355
190	1377
191	119
191	120
191	178
191	179
191	180
191	190
191	191
191	1356
191	1377
192	186
192	192
192	289
192	1380
192	1383
193	147
193	153
193	193
193	290
193	385
193	386
193	640
193	641
193	665
193	773
193	779
194	141
194	154
194	156
194	157
194	194
194	195
194	228
194	253
194	808
194	809
195	141
195	154
195	156
195	157
195	194
195	195
195	228
195	253
195	808
195	809
196	181
196	196
196	197
196	200
196	302
196	340
196	354
196	794
196	941
196	942
196	1016
196	1031
196	1082
196	1084
196	1138
196	1449
197	118
197	181
197	189
197	196
197	197
197	340
197	354
197	794
197	941
197	942
197	1016
197	1031
197	1082
197	1084
197	1085
197	1138
197	1449
198	198
198	822
199	140
199	199
199	693
200	196
200	200
201	74
201	201
201	682
201	773
201	820
201	855
201	1438
202	202
202	203
202	710
202	1308
202	1446
203	202
203	203
203	756
203	1308
204	204
204	205
204	262
205	204
205	205
205	206
205	353
205	358
205	622
205	687
205	936
206	205
206	206
206	622
206	687
207	207
207	208
207	209
207	216
207	316
207	1138
207	1139
208	207
208	208
208	209
208	216
208	316
208	1132
208	1139
208	1283
209	207
209	208
209	209
209	216
209	316
209	1138
210	139
210	210
210	227
211	211
211	1367
212	185
212	212
212	213
212	214
213	212
213	213
213	214
214	212
214	213
214	214
215	215
215	361
216	207
216	208
216	209
216	216
216	316
216	1138
217	217
217	1188
217	1446
218	218
218	219
218	231
219	218
219	219
219	231
220	220
221	221
222	222
222	575
222	576
222	621
222	1402
222	1403
223	223
224	224
225	225
226	226
226	1327
227	139
227	210
227	227
228	141
228	154
228	156
228	157
228	194
228	195
228	228
229	229
229	570
229	571
229	572
229	615
229	1319
230	230
231	218
231	219
231	231
232	232
233	233
233	688
233	1066
234	17
234	180
234	234
234	1355
234	1356
235	235
235	237
235	238
235	276
235	277
235	885
235	1034
235	1079
235	1381
236	236
237	148
237	235
237	237
237	276
237	277
238	235
238	238
238	278
238	279
238	1034
238	1079
238	1318
238	1381
238	1382
239	239
239	589
239	836
239	1414
240	136
240	240
240	282
240	983
240	1000
241	75
241	241
241	244
241	588
241	661
241	848
241	849
241	850
241	851
241	868
241	937
241	962
241	1032
241	1144
241	1145
241	1292
241	1366
241	1369
241	1370
241	1371
241	1372
241	1373
241	1404
242	55
242	56
242	57
242	60
242	61
242	242
242	736
242	1109
242	1224
243	243
244	75
244	241
244	244
244	556
244	588
244	661
244	848
244	849
244	850
244	851
244	868
244	869
244	937
244	962
244	1032
244	1144
244	1145
244	1292
244	1366
244	1369
244	1370
244	1371
244	1372
244	1373
244	1404
244	1405
245	245
245	849
245	862
246	246
246	249
246	250
246	680
246	998
247	247
247	1116
248	248
249	176
249	246
249	249
249	250
249	296
249	627
249	680
249	998
250	246
250	249
250	250
250	307
250	627
250	680
250	998
251	251
251	1311
252	252
252	547
252	550
252	555
252	559
252	601
252	702
253	141
253	156
253	157
253	194
253	195
253	253
253	1066
254	254
254	255
254	261
254	269
254	283
254	326
254	690
254	700
254	880
254	1132
254	1134
254	1136
254	1139
254	1283
254	1374
255	254
255	255
255	261
255	269
255	283
255	326
255	700
255	880
255	1132
255	1136
255	1283
255	1374
256	177
256	256
256	257
256	258
256	259
256	260
256	550
256	558
256	1067
256	1069
256	1074
256	1346
256	1390
257	177
257	256
257	257
257	258
257	259
257	260
257	1069
257	1074
257	1346
258	177
258	256
258	257
258	258
258	259
258	260
258	550
258	558
258	1067
258	1069
258	1074
258	1346
258	1390
259	177
259	256
259	257
259	258
259	259
259	260
259	550
259	558
259	1067
259	1069
259	1074
259	1221
259	1346
259	1390
260	256
260	257
260	258
260	259
260	260
260	573
260	618
260	685
260	1256
261	254
261	255
261	261
261	272
261	273
261	275
261	283
261	1374
262	162
262	204
262	262
262	838
262	1260
263	263
263	766
263	767
263	988
264	136
264	264
264	283
264	767
265	265
265	266
265	820
266	181
266	265
266	266
266	267
266	282
266	289
266	655
266	767
267	266
267	267
267	273
267	275
267	282
267	294
267	397
267	690
267	778
267	1416
268	268
268	269
268	1132
268	1283
269	254
269	255
269	268
269	269
269	283
269	1132
269	1134
269	1136
269	1456
270	270
270	685
270	1310
271	271
272	261
272	272
272	283
272	944
273	261
273	267
273	273
273	275
273	294
273	397
273	971
273	1072
273	1374
273	1415
273	1437
274	274
275	261
275	267
275	273
275	275
275	282
275	397
275	493
275	690
275	778
275	1111
275	1374
275	1415
275	1437
276	235
276	237
276	276
276	277
276	278
276	1381
276	1382
277	235
277	237
277	276
277	277
277	278
277	279
277	1033
277	1381
277	1382
278	238
278	276
278	277
278	278
278	279
278	1079
278	1381
278	1382
279	238
279	277
279	278
279	279
279	1079
279	1381
279	1382
280	280
280	885
280	1033
280	1034
280	1381
280	1382
281	281
281	490
281	495
281	496
281	733
281	734
281	735
281	1059
281	1294
281	1295
282	240
282	266
282	267
282	275
282	282
282	289
282	397
282	690
282	764
282	767
282	778
282	969
283	254
283	255
283	261
283	264
283	269
283	272
283	283
283	289
283	291
283	324
283	326
283	397
283	398
283	650
283	689
283	690
283	777
283	778
283	868
283	1132
283	1136
283	1139
283	1283
284	284
284	292
284	327
284	328
284	397
284	503
284	689
284	690
284	776
284	777
284	778
284	959
285	285
285	286
285	738
285	739
285	762
285	1101
285	1102
285	1104
286	285
286	286
286	738
286	739
286	762
286	1101
286	1102
286	1104
287	127
287	128
287	129
287	287
288	288
288	390
288	398
288	1126
288	1301
288	1302
288	1303
288	1304
288	1305
288	1306
288	1307
289	57
289	61
289	192
289	266
289	282
289	283
289	289
289	291
289	390
289	397
289	650
289	689
289	690
289	743
289	778
289	1305
289	1306
289	1307
290	193
290	290
290	670
290	780
291	283
291	289
291	291
291	397
291	689
291	690
291	777
291	778
292	284
292	292
292	587
292	750
292	991
293	293
293	1116
293	1282
293	1374
294	267
294	273
294	294
294	295
294	397
294	772
294	1416
295	294
295	295
295	318
295	773
295	1416
295	1435
295	1437
295	1438
296	62
296	63
296	249
296	296
296	347
296	786
296	1326
296	1399
296	1451
297	297
297	1035
298	298
298	340
298	354
298	794
298	941
298	942
298	1016
298	1031
298	1290
298	1420
298	1449
299	103
299	299
299	301
299	820
300	300
300	797
300	1412
301	299
301	301
302	196
302	302
302	1416
302	1435
303	303
304	304
304	307
304	602
304	630
305	305
305	306
305	571
305	572
305	624
306	177
306	305
306	306
307	250
307	304
307	307
307	630
308	308
308	724
308	726
308	751
309	309
309	800
309	1106
310	310
311	311
312	312
313	313
314	314
314	315
315	314
315	315
315	1163
316	207
316	208
316	209
316	216
316	316
316	1132
316	1139
316	1283
317	129
317	317
317	979
317	1155
318	295
318	318
318	1416
319	319
319	1416
320	320
321	321
321	636
321	922
321	1385
322	322
323	323
324	283
324	324
324	326
324	832
325	325
326	254
326	255
326	283
326	324
326	326
326	645
326	832
326	1001
327	284
327	327
327	328
328	284
328	327
328	328
328	594
328	675
328	959
329	329
330	330
331	331
331	332
331	583
331	584
331	585
331	612
331	625
331	626
331	632
331	633
331	784
331	785
331	798
331	799
331	1073
331	1112
331	1220
331	1228
331	1336
331	1387
332	331
332	332
332	399
332	581
332	583
332	584
332	585
332	612
332	625
332	626
332	632
332	633
332	784
332	785
332	798
332	799
332	1073
332	1220
332	1228
332	1336
332	1387
333	333
334	334
335	335
336	336
336	1156
337	337
338	176
338	338
338	570
338	571
338	572
338	589
339	146
339	339
339	340
340	196
340	197
340	298
340	339
340	340
340	354
340	766
340	794
340	837
340	941
340	942
340	1016
340	1031
340	1149
340	1290
340	1420
340	1449
341	107
341	341
341	342
341	343
341	344
341	345
341	346
342	82
342	341
342	342
342	343
342	344
342	345
342	346
342	363
342	364
342	365
342	370
342	1423
343	82
343	341
343	342
343	343
343	344
343	345
343	346
343	364
343	365
344	82
344	341
344	342
344	343
344	344
344	345
344	346
344	364
344	365
345	82
345	95
345	341
345	342
345	343
345	344
345	345
345	346
345	365
346	107
346	341
346	342
346	343
346	344
346	345
346	346
347	62
347	63
347	296
347	347
347	786
347	1326
347	1399
347	1451
348	348
348	1291
349	349
350	350
350	789
351	351
351	360
352	352
352	1291
353	12
353	13
353	205
353	353
354	181
354	196
354	197
354	298
354	340
354	354
354	794
354	941
354	942
354	1016
354	1031
354	1290
354	1420
354	1449
355	355
356	356
357	50
357	64
357	357
358	205
358	358
358	1282
359	359
359	923
360	351
360	360
361	215
361	361
361	1465
361	1467
361	1470
362	82
362	362
362	363
362	364
362	365
362	369
362	370
362	371
362	376
362	377
362	378
362	509
362	510
362	677
362	1397
362	1423
363	82
363	342
363	362
363	363
363	364
363	365
363	369
363	370
363	371
363	376
363	377
363	378
363	509
363	510
363	677
363	1397
363	1423
364	82
364	342
364	343
364	344
364	362
364	363
364	364
364	365
364	366
364	1397
364	1423
365	82
365	110
365	111
365	112
365	342
365	343
365	344
365	345
365	362
365	363
365	364
365	365
365	372
365	378
365	1423
366	364
366	366
367	96
367	97
367	367
367	368
368	96
368	97
368	367
368	368
369	362
369	363
369	369
369	370
369	371
369	376
369	377
369	378
369	1397
369	1423
370	342
370	362
370	363
370	369
370	370
370	371
370	376
370	377
370	378
370	1397
370	1423
371	362
371	363
371	369
371	370
371	371
371	376
371	377
371	378
371	1397
371	1423
372	82
372	110
372	365
372	372
372	378
373	373
373	374
373	695
373	697
374	373
374	374
374	379
374	695
374	697
375	375
376	362
376	363
376	369
376	370
376	371
376	376
376	377
376	378
376	1397
376	1423
377	362
377	363
377	369
377	370
377	371
377	376
377	377
377	378
377	509
377	1397
377	1423
378	82
378	95
378	110
378	111
378	112
378	362
378	363
378	365
378	369
378	370
378	371
378	372
378	376
378	377
378	378
378	1397
378	1423
379	95
379	374
379	379
379	695
379	696
379	884
380	380
380	579
380	581
381	381
381	858
382	382
382	383
382	737
382	1046
382	1096
382	1165
383	382
383	383
383	737
383	1046
383	1047
383	1096
383	1165
384	384
385	147
385	152
385	153
385	193
385	385
385	386
385	387
385	438
385	501
385	640
385	641
385	665
385	708
385	773
385	779
385	1094
385	1300
386	147
386	153
386	187
386	193
386	385
386	386
386	387
386	439
386	640
386	641
386	665
386	669
386	773
386	779
387	147
387	153
387	385
387	386
387	387
387	439
387	485
387	640
387	641
387	669
387	707
387	773
387	1044
387	1416
388	388
388	397
388	493
388	689
388	690
388	777
388	778
389	389
390	288
390	289
390	390
390	1126
390	1301
390	1302
390	1303
390	1304
390	1305
390	1306
390	1307
391	160
391	391
391	1288
391	1406
392	392
392	803
392	815
392	817
392	887
392	1353
392	1354
393	159
393	393
394	394
394	396
394	801
395	395
396	394
396	396
396	801
397	267
397	273
397	275
397	282
397	283
397	284
397	289
397	291
397	294
397	388
397	397
397	398
397	493
397	503
397	688
397	689
397	690
397	773
397	776
397	777
397	778
397	880
397	1072
397	1118
397	1122
398	12
398	13
398	283
398	288
398	397
398	398
398	503
398	650
398	690
398	778
398	1132
398	1136
398	1168
398	1197
398	1283
399	332
399	399
399	583
399	584
399	585
399	612
399	625
399	626
399	632
399	633
399	784
399	785
399	798
399	799
399	1073
399	1112
399	1336
399	1387
400	400
401	401
401	402
401	403
401	492
402	401
402	402
402	403
403	401
403	402
403	403
404	404
404	405
405	404
405	405
406	406
407	407
407	408
407	409
407	410
408	407
408	408
408	409
408	410
409	407
409	408
409	409
409	410
410	407
410	408
410	409
410	410
411	411
411	511
412	412
412	428
412	429
412	430
412	431
412	1048
413	413
413	1052
414	414
415	415
415	416
415	417
415	418
415	419
415	420
415	421
415	422
415	442
415	443
415	444
415	445
415	448
415	450
415	480
415	525
415	526
415	527
415	529
415	531
415	532
415	533
415	842
415	843
415	844
415	845
415	1119
415	1120
415	1127
415	1128
415	1183
415	1204
416	415
416	416
416	417
416	419
416	420
416	421
416	422
416	442
416	443
416	444
416	445
416	525
416	526
416	527
416	531
416	532
416	533
416	842
416	843
416	1119
416	1120
416	1128
416	1183
416	1204
417	415
417	416
417	417
417	418
417	419
417	420
417	421
417	422
417	442
417	443
417	444
417	445
417	478
417	525
417	526
417	527
417	531
417	532
417	533
417	842
417	843
417	844
417	1119
417	1120
417	1127
417	1128
417	1183
417	1204
418	415
418	417
418	418
418	420
418	421
418	446
418	447
418	448
418	449
418	450
418	475
418	480
418	481
418	482
418	525
418	528
418	529
418	533
418	842
418	844
418	845
418	846
418	1076
418	1119
418	1127
418	1129
418	1183
418	1193
418	1322
419	415
419	416
419	417
419	419
419	420
419	421
419	422
419	442
419	443
419	444
419	445
419	477
419	478
419	525
419	526
419	527
419	531
419	532
419	533
419	843
419	1119
419	1120
419	1127
419	1128
419	1183
419	1204
420	415
420	416
420	417
420	418
420	419
420	420
420	421
420	422
420	442
420	443
420	444
420	445
420	448
420	449
420	451
420	477
420	478
420	525
420	526
420	527
420	528
420	531
420	532
420	533
420	534
420	842
420	843
420	844
420	1119
420	1120
420	1128
420	1183
420	1204
421	415
421	416
421	417
421	418
421	419
421	420
421	421
421	422
421	442
421	443
421	444
421	445
421	477
421	478
421	482
421	525
421	526
421	527
421	531
421	532
421	533
421	842
421	843
421	844
421	1119
421	1120
421	1128
421	1183
421	1204
422	415
422	416
422	417
422	419
422	420
422	421
422	422
422	442
422	443
422	444
422	445
422	477
422	478
422	525
422	526
422	527
422	531
422	532
422	533
422	842
422	843
422	844
422	1119
422	1120
422	1128
422	1183
422	1204
423	423
424	424
425	425
426	426
427	427
428	412
428	428
428	429
428	430
428	431
429	412
429	428
429	429
429	430
429	431
430	412
430	428
430	429
430	430
430	431
430	1048
431	412
431	428
431	429
431	430
431	431
432	432
433	126
433	130
433	433
433	538
433	952
433	1022
433	1026
433	1286
433	1287
433	1288
433	1421
434	434
435	435
435	436
435	1425
435	1426
436	435
436	436
436	1425
436	1426
437	168
437	169
437	437
437	605
437	607
437	609
437	980
437	1166
438	147
438	152
438	153
438	187
438	385
438	438
438	439
438	501
438	640
438	708
438	743
438	773
438	779
438	1094
438	1300
439	74
439	152
439	153
439	163
439	187
439	386
439	387
439	438
439	439
439	566
439	682
439	743
439	773
439	779
439	855
439	861
439	1300
440	440
440	441
440	523
440	563
440	564
440	674
441	440
441	441
441	523
441	563
441	564
441	674
442	415
442	416
442	417
442	419
442	420
442	421
442	422
442	442
442	443
442	444
442	445
442	446
442	447
442	475
442	477
442	525
442	526
442	527
442	531
442	532
442	533
442	842
442	843
442	1119
442	1120
442	1128
442	1183
442	1193
442	1204
443	415
443	416
443	417
443	419
443	420
443	421
443	422
443	442
443	443
443	444
443	445
443	446
443	447
443	475
443	477
443	478
443	525
443	526
443	527
443	531
443	532
443	533
443	842
443	843
443	844
443	1119
443	1120
443	1128
443	1183
443	1193
443	1204
444	415
444	416
444	417
444	419
444	420
444	421
444	422
444	442
444	443
444	444
444	445
444	446
444	447
444	450
444	475
444	477
444	478
444	525
444	526
444	527
444	531
444	532
444	533
444	842
444	843
444	844
444	1119
444	1120
444	1128
444	1183
444	1193
444	1204
445	415
445	416
445	417
445	419
445	420
445	421
445	422
445	442
445	443
445	444
445	445
445	477
445	478
445	525
445	526
445	527
445	531
445	532
445	533
445	842
445	843
445	844
445	1119
445	1120
445	1128
445	1183
445	1204
446	418
446	442
446	443
446	444
446	446
446	447
446	448
446	449
446	450
446	451
446	475
446	477
446	528
446	529
446	534
446	842
446	843
446	1127
446	1129
446	1193
446	1322
447	418
447	442
447	443
447	444
447	446
447	447
447	448
447	449
447	450
447	451
447	475
447	477
447	479
447	482
447	528
447	529
447	534
447	842
447	843
447	845
447	1127
447	1129
447	1184
447	1185
447	1193
447	1205
447	1322
448	415
448	418
448	420
448	446
448	447
448	448
448	449
448	450
448	451
448	475
448	479
448	480
448	481
448	482
448	526
448	528
448	529
448	531
448	534
448	844
448	845
448	1076
448	1127
448	1129
448	1193
448	1322
449	418
449	420
449	446
449	447
449	448
449	449
449	450
449	451
449	479
449	480
449	481
449	482
449	526
449	528
449	529
449	531
449	534
449	844
449	845
449	846
449	1076
449	1127
449	1129
449	1184
449	1185
449	1193
449	1205
449	1322
450	415
450	418
450	444
450	446
450	447
450	448
450	449
450	450
450	451
450	479
450	480
450	481
450	482
450	526
450	528
450	529
450	533
450	534
450	844
450	845
450	846
450	1076
450	1127
450	1129
450	1184
450	1185
450	1193
450	1205
450	1322
451	420
451	446
451	447
451	448
451	449
451	450
451	451
451	479
451	480
451	481
451	482
451	526
451	528
451	529
451	531
451	534
451	845
451	846
451	1076
451	1129
451	1193
451	1322
452	452
452	453
452	455
452	458
452	1206
453	452
453	453
453	454
453	455
453	456
453	457
453	458
453	459
453	1206
454	453
454	454
454	455
454	456
454	457
454	458
454	459
454	1206
455	452
455	453
455	454
455	455
455	456
455	457
455	458
455	459
455	468
455	1206
456	453
456	454
456	455
456	456
456	457
456	458
456	459
456	466
456	467
456	468
456	1206
457	453
457	454
457	455
457	456
457	457
457	458
457	459
457	1206
458	452
458	453
458	454
458	455
458	456
458	457
458	458
458	459
458	1206
459	453
459	454
459	455
459	456
459	457
459	458
459	459
459	1206
460	460
460	461
460	462
461	460
461	461
461	462
462	460
462	461
462	462
463	463
464	464
464	467
464	474
464	479
464	480
464	481
464	482
464	483
464	524
464	530
464	793
464	845
464	846
464	847
464	853
464	955
464	1056
464	1076
464	1125
464	1184
464	1185
464	1205
464	1216
464	1219
465	465
465	467
465	827
465	835
465	1056
465	1057
465	1124
465	1125
465	1206
465	1219
465	1227
466	456
466	466
466	467
466	468
466	469
466	471
466	483
466	1039
466	1054
466	1055
466	1056
467	456
467	464
467	465
467	466
467	467
467	468
467	469
467	471
467	483
467	827
467	835
467	1039
467	1054
467	1055
467	1056
467	1057
467	1227
468	455
468	456
468	466
468	467
468	468
468	483
468	1055
468	1056
469	466
469	467
469	469
469	470
469	471
469	483
469	1124
470	469
470	470
470	471
470	483
471	466
471	467
471	469
471	470
471	471
471	483
471	1039
472	472
472	473
472	827
473	472
473	473
474	464
474	474
474	483
474	524
474	793
474	847
474	853
474	955
474	1125
474	1216
474	1219
475	418
475	442
475	443
475	444
475	446
475	447
475	448
475	475
475	477
475	479
475	480
475	481
475	482
475	530
475	842
475	843
475	845
475	1076
475	1184
475	1185
475	1193
475	1205
476	476
476	853
476	1216
477	419
477	420
477	421
477	422
477	442
477	443
477	444
477	445
477	446
477	447
477	475
477	477
477	478
477	531
477	533
477	842
477	843
477	844
477	1120
477	1128
477	1193
477	1204
478	417
478	419
478	420
478	421
478	422
478	443
478	444
478	445
478	477
478	478
478	483
478	526
478	527
478	531
478	532
478	533
478	843
478	844
478	1120
478	1128
478	1204
479	447
479	448
479	449
479	450
479	451
479	464
479	475
479	479
479	480
479	481
479	482
479	483
479	484
479	526
479	528
479	529
479	530
479	534
479	793
479	844
479	845
479	846
479	847
479	1076
479	1125
479	1129
479	1184
479	1185
479	1193
479	1205
479	1322
480	415
480	418
480	448
480	449
480	450
480	451
480	464
480	475
480	479
480	480
480	481
480	482
480	483
480	528
480	529
480	530
480	793
480	844
480	845
480	846
480	847
480	1076
480	1125
480	1129
480	1184
480	1185
480	1205
480	1322
481	418
481	448
481	449
481	450
481	451
481	464
481	475
481	479
481	480
481	481
481	482
481	483
481	528
481	529
481	530
481	793
481	844
481	845
481	846
481	847
481	1076
481	1125
481	1129
481	1184
481	1185
481	1205
481	1216
481	1322
482	418
482	421
482	447
482	448
482	449
482	450
482	451
482	464
482	475
482	479
482	480
482	481
482	482
482	483
482	528
482	529
482	530
482	793
482	844
482	845
482	846
482	847
482	1076
482	1125
482	1129
482	1184
482	1185
482	1205
482	1322
483	464
483	466
483	467
483	468
483	469
483	470
483	471
483	474
483	478
483	479
483	480
483	481
483	482
483	483
483	524
483	793
483	845
483	846
483	847
483	853
483	955
483	1039
483	1056
483	1076
483	1125
483	1184
483	1185
483	1205
483	1216
483	1219
484	479
484	484
484	647
484	791
485	387
485	485
485	522
485	611
485	773
485	1167
486	486
486	487
486	488
486	489
486	506
486	507
486	508
487	486
487	487
487	488
487	489
487	506
487	507
487	508
488	486
488	487
488	488
488	489
488	506
488	507
488	508
489	486
489	487
489	488
489	489
489	506
489	507
489	508
490	281
490	490
490	491
490	495
490	496
490	733
490	734
490	735
490	738
490	739
490	749
490	762
490	1059
490	1294
490	1295
491	490
491	491
491	733
491	734
491	735
491	749
491	1294
491	1295
492	401
492	492
493	275
493	388
493	397
493	493
493	689
493	690
493	729
493	777
493	778
493	880
493	1072
493	1374
494	494
495	281
495	490
495	495
495	496
495	733
495	734
495	735
495	1059
495	1294
495	1295
496	281
496	490
496	495
496	496
496	733
496	734
496	735
496	1059
496	1294
496	1295
497	497
498	498
499	499
500	500
500	1329
501	147
501	152
501	153
501	385
501	438
501	501
501	773
501	779
501	1300
502	502
502	665
502	774
502	1329
503	284
503	397
503	398
503	503
503	595
503	689
503	690
503	776
503	777
503	778
504	504
504	505
505	504
505	505
506	486
506	487
506	488
506	489
506	506
506	507
506	508
507	486
507	487
507	488
507	489
507	506
507	507
507	508
508	486
508	487
508	488
508	489
508	506
508	507
508	508
509	362
509	363
509	377
509	509
509	510
509	677
509	841
509	1459
510	362
510	363
510	509
510	510
510	677
510	1459
511	411
511	511
512	512
513	513
513	516
513	517
513	518
513	519
513	520
513	1207
514	514
514	556
514	661
514	759
514	848
514	1144
514	1145
514	1366
514	1372
514	1405
515	515
516	513
516	516
516	517
516	518
516	519
516	520
517	513
517	516
517	517
517	518
517	519
517	520
518	513
518	516
518	517
518	518
518	519
518	520
518	1207
519	513
519	516
519	517
519	518
519	519
519	520
519	1207
520	513
520	516
520	517
520	518
520	519
520	520
520	1207
521	7
521	521
521	789
521	1460
522	485
522	522
522	611
522	1167
523	440
523	441
523	523
523	563
523	564
523	674
524	464
524	474
524	483
524	524
524	527
524	530
524	791
524	847
524	853
524	955
524	1125
524	1184
524	1185
524	1205
524	1216
524	1219
525	415
525	416
525	417
525	418
525	419
525	420
525	421
525	422
525	442
525	443
525	444
525	445
525	525
525	526
525	527
525	531
525	532
525	533
525	842
525	843
525	844
525	1119
525	1120
525	1121
525	1127
525	1128
525	1129
525	1183
525	1185
525	1204
526	415
526	416
526	417
526	419
526	420
526	421
526	422
526	442
526	443
526	444
526	445
526	448
526	449
526	450
526	451
526	478
526	479
526	525
526	526
526	527
526	528
526	529
526	531
526	532
526	533
526	842
526	843
526	844
526	1119
526	1120
526	1128
526	1183
526	1204
527	415
527	416
527	417
527	419
527	420
527	421
527	422
527	442
527	443
527	444
527	445
527	478
527	524
527	525
527	526
527	527
527	531
527	532
527	533
527	842
527	843
527	844
527	955
527	1119
527	1120
527	1127
527	1128
527	1129
527	1183
527	1184
527	1185
527	1204
527	1205
527	1322
528	418
528	420
528	446
528	447
528	448
528	449
528	450
528	451
528	479
528	480
528	481
528	482
528	526
528	528
528	529
528	530
528	531
528	534
528	844
528	845
528	846
528	1076
528	1127
528	1129
528	1193
528	1322
529	415
529	418
529	446
529	447
529	448
529	449
529	450
529	451
529	479
529	480
529	481
529	482
529	526
529	528
529	529
529	530
529	533
529	534
529	844
529	845
529	846
529	1076
529	1127
529	1129
529	1193
529	1322
530	464
530	475
530	479
530	480
530	481
530	482
530	524
530	528
530	529
530	530
530	792
530	793
530	845
530	846
530	847
530	1076
530	1184
530	1185
530	1205
531	415
531	416
531	417
531	419
531	420
531	421
531	422
531	442
531	443
531	444
531	445
531	448
531	449
531	451
531	477
531	478
531	525
531	526
531	527
531	528
531	531
531	532
531	533
531	534
531	842
531	843
531	844
531	1119
531	1120
531	1128
531	1183
531	1204
532	415
532	416
532	417
532	419
532	420
532	421
532	422
532	442
532	443
532	444
532	445
532	478
532	525
532	526
532	527
532	531
532	532
532	533
532	842
532	843
532	844
532	1119
532	1120
532	1128
532	1183
532	1204
533	415
533	416
533	417
533	418
533	419
533	420
533	421
533	422
533	442
533	443
533	444
533	445
533	450
533	477
533	478
533	525
533	526
533	527
533	529
533	531
533	532
533	533
533	534
533	842
533	843
533	844
533	845
533	846
533	1119
533	1120
533	1128
533	1183
533	1204
534	420
534	446
534	447
534	448
534	449
534	450
534	451
534	479
534	528
534	529
534	531
534	533
534	534
534	846
534	1129
534	1193
534	1322
535	535
536	536
537	537
538	126
538	130
538	433
538	538
538	952
538	1022
538	1026
538	1286
538	1287
538	1288
538	1406
538	1421
539	33
539	34
539	46
539	55
539	57
539	539
539	540
539	653
540	33
540	34
540	45
540	48
540	55
540	69
540	539
540	540
540	653
540	795
541	541
541	542
541	557
542	541
542	542
542	545
542	557
543	543
543	544
543	770
543	771
543	852
543	1232
543	1236
543	1333
544	543
544	544
544	770
544	771
544	852
544	1097
544	1173
544	1333
545	542
545	545
546	546
547	252
547	547
547	550
547	555
547	559
547	601
547	702
548	168
548	169
548	548
548	605
548	607
548	608
548	609
548	1166
549	549
550	252
550	256
550	258
550	259
550	547
550	550
550	555
550	558
550	559
550	1067
550	1069
550	1074
550	1390
551	551
551	552
551	553
551	554
551	562
552	551
552	552
552	553
552	554
552	562
553	551
553	552
553	553
553	562
554	551
554	552
554	554
554	619
555	252
555	547
555	550
555	555
555	559
555	702
556	75
556	122
556	244
556	514
556	556
556	588
556	661
556	759
556	848
556	849
556	850
556	851
556	854
556	937
556	962
556	1032
556	1144
556	1145
556	1292
556	1298
556	1366
556	1372
556	1373
556	1404
556	1405
557	541
557	542
557	557
558	256
558	258
558	259
558	550
558	558
558	1067
558	1069
558	1074
558	1390
559	252
559	547
559	550
559	555
559	559
559	702
559	1067
560	560
561	561
562	551
562	552
562	553
562	562
563	440
563	441
563	523
563	563
563	564
563	674
564	440
564	441
564	523
564	563
564	564
564	674
565	565
565	567
565	1269
565	1350
566	439
566	566
566	567
566	591
566	855
566	1044
566	1351
567	565
567	566
567	567
567	591
567	1351
567	1437
568	568
568	569
569	568
569	569
569	581
569	582
569	583
569	584
569	585
569	602
569	623
569	630
569	631
569	1122
570	177
570	229
570	338
570	570
570	571
570	572
570	574
570	589
570	615
570	622
570	703
570	769
570	986
571	177
571	229
571	305
571	338
571	570
571	571
571	572
571	574
571	578
571	589
571	615
571	703
571	769
571	986
572	177
572	229
572	305
572	338
572	570
572	571
572	572
572	574
572	578
572	589
572	615
572	703
572	769
572	986
573	260
573	573
573	580
573	638
573	1346
574	570
574	571
574	572
574	574
574	587
574	589
574	615
574	618
574	622
574	703
574	769
574	986
574	1114
575	222
575	575
575	576
575	577
575	621
575	1046
575	1402
575	1403
576	222
576	575
576	576
576	577
576	621
576	658
576	659
576	1402
576	1403
577	575
577	576
577	577
577	621
577	1402
577	1403
578	177
578	571
578	572
578	578
578	579
579	380
579	578
579	579
580	573
580	580
580	582
580	614
580	615
581	332
581	380
581	569
581	581
581	582
581	583
581	584
581	585
581	633
581	646
581	783
581	1079
581	1387
582	569
582	580
582	581
582	582
582	583
582	584
582	585
582	590
582	612
582	625
582	632
582	646
582	783
582	784
582	785
582	798
582	857
582	1073
582	1112
582	1116
582	1309
582	1311
582	1387
583	331
583	332
583	399
583	569
583	581
583	582
583	583
583	584
583	585
583	612
583	625
583	626
583	632
583	633
583	646
583	783
583	784
583	785
583	798
583	799
583	1073
583	1112
583	1220
583	1228
583	1336
583	1387
584	331
584	332
584	399
584	569
584	581
584	582
584	583
584	584
584	585
584	602
584	612
584	625
584	626
584	632
584	633
584	646
584	784
584	785
584	798
584	799
584	1073
584	1112
584	1220
584	1228
584	1336
584	1387
585	331
585	332
585	399
585	569
585	581
585	582
585	583
585	584
585	585
585	612
585	625
585	626
585	632
585	633
585	646
585	783
585	784
585	785
585	798
585	799
585	1073
585	1112
585	1220
585	1228
585	1336
585	1387
586	586
586	587
586	634
586	1237
586	1359
586	1360
586	1361
586	1437
587	292
587	574
587	586
587	587
587	589
587	590
587	634
587	750
587	769
588	75
588	122
588	241
588	244
588	556
588	588
588	661
588	848
588	849
588	850
588	851
588	937
588	962
588	1032
588	1144
588	1145
588	1292
588	1366
588	1369
588	1370
588	1371
588	1372
588	1373
588	1404
588	1405
588	1407
589	239
589	338
589	570
589	571
589	572
589	574
589	587
589	589
589	590
589	769
589	1008
589	1414
590	582
590	587
590	589
590	590
590	591
590	599
590	618
590	769
590	944
590	1008
590	1252
590	1309
591	566
591	567
591	590
591	591
591	600
591	601
591	772
591	1008
591	1309
591	1415
592	592
592	593
592	643
592	787
592	857
592	1086
593	592
593	593
593	596
593	857
593	1086
594	328
594	594
594	675
595	503
595	595
595	689
595	776
595	787
595	1362
596	593
596	596
596	709
596	710
596	857
596	1086
596	1209
596	1221
597	597
598	598
598	600
599	590
599	599
599	618
599	1008
600	591
600	598
600	600
600	601
600	702
601	252
601	547
601	591
601	600
601	601
601	702
601	1415
602	304
602	569
602	584
602	602
602	623
602	630
603	603
603	608
603	1386
604	604
605	168
605	169
605	437
605	548
605	605
605	606
605	607
605	608
605	609
605	610
605	611
605	980
605	1166
606	169
606	605
606	606
606	607
606	608
606	609
606	610
607	168
607	169
607	437
607	548
607	605
607	606
607	607
607	608
607	609
607	610
607	980
607	1166
608	168
608	169
608	548
608	603
608	605
608	606
608	607
608	608
608	609
608	610
608	980
608	1166
609	168
609	169
609	437
609	548
609	605
609	606
609	607
609	608
609	609
609	610
609	611
609	980
609	1166
610	168
610	605
610	606
610	607
610	608
610	609
610	610
610	1166
611	485
611	522
611	605
611	609
611	611
611	1044
611	1167
612	331
612	332
612	399
612	582
612	583
612	584
612	585
612	612
612	623
612	625
612	626
612	632
612	633
612	783
612	784
612	785
612	798
612	799
612	1073
612	1112
612	1220
612	1228
612	1336
612	1387
613	613
613	614
613	615
613	616
614	580
614	613
614	614
614	615
614	616
614	618
614	645
615	229
615	570
615	571
615	572
615	574
615	580
615	613
615	614
615	615
615	616
615	1319
616	613
616	614
616	615
616	616
617	617
617	1419
617	1433
617	1453
617	1454
617	1455
618	260
618	574
618	590
618	599
618	614
618	618
618	1008
618	1309
619	554
619	619
620	620
621	222
621	575
621	576
621	577
621	621
621	1046
621	1165
621	1402
621	1403
622	205
622	206
622	570
622	574
622	622
622	687
623	569
623	602
623	612
623	623
623	631
623	701
623	783
623	1068
623	1309
623	1321
624	305
624	624
625	331
625	332
625	399
625	582
625	583
625	584
625	585
625	612
625	625
625	626
625	632
625	633
625	784
625	785
625	798
625	799
625	1002
625	1073
625	1112
625	1220
625	1228
625	1336
625	1387
626	331
626	332
626	399
626	583
626	584
626	585
626	612
626	625
626	626
626	632
626	633
626	784
626	785
626	798
626	799
626	1073
626	1112
626	1220
626	1228
626	1336
626	1387
627	249
627	250
627	627
627	680
627	998
627	1008
628	628
629	629
629	630
629	978
630	304
630	307
630	569
630	602
630	629
630	630
630	978
631	569
631	623
631	631
631	632
631	633
631	1336
632	331
632	332
632	399
632	582
632	583
632	584
632	585
632	612
632	625
632	626
632	631
632	632
632	633
632	784
632	785
632	798
632	799
632	1073
632	1112
632	1220
632	1228
632	1336
632	1387
633	331
633	332
633	399
633	581
633	583
633	584
633	585
633	612
633	625
633	626
633	631
633	632
633	633
633	784
633	785
633	798
633	799
633	1073
633	1112
633	1220
633	1228
633	1336
633	1387
634	586
634	587
634	634
634	769
635	635
635	1363
635	1364
636	321
636	636
636	1403
637	637
638	137
638	573
638	638
638	1318
639	27
639	29
639	639
640	147
640	152
640	153
640	193
640	385
640	386
640	387
640	438
640	640
640	641
640	665
640	708
640	779
640	1094
641	147
641	153
641	193
641	385
641	386
641	387
641	640
641	641
641	665
641	708
641	773
641	1044
642	642
642	716
642	754
642	1401
643	592
643	643
643	646
643	1012
644	644
644	645
645	326
645	614
645	644
645	645
646	581
646	582
646	583
646	584
646	585
646	643
646	646
646	783
646	1012
646	1309
647	484
647	647
647	791
648	648
649	649
650	283
650	289
650	398
650	650
650	868
651	651
652	652
652	1434
653	2
653	9
653	10
653	20
653	28
653	33
653	34
653	45
653	46
653	48
653	55
653	57
653	66
653	68
653	69
653	539
653	540
653	653
653	655
653	657
653	755
653	795
653	810
653	1179
653	1297
654	170
654	654
654	688
654	705
654	1072
655	59
655	181
655	266
655	653
655	655
655	657
655	691
655	810
656	656
656	1391
657	20
657	33
657	34
657	45
657	46
657	48
657	49
657	55
657	57
657	58
657	66
657	69
657	187
657	653
657	655
657	657
657	789
657	795
657	810
657	1179
658	175
658	576
658	658
658	659
659	175
659	576
659	658
659	659
660	660
661	75
661	122
661	241
661	244
661	514
661	556
661	588
661	661
661	759
661	848
661	849
661	850
661	851
661	854
661	937
661	962
661	1032
661	1144
661	1145
661	1298
661	1366
661	1372
661	1373
661	1404
661	1405
662	136
662	176
662	662
662	663
662	688
662	756
662	767
662	921
663	136
663	662
663	663
663	756
663	1261
663	1308
664	664
664	731
665	147
665	193
665	385
665	386
665	502
665	640
665	641
665	665
665	669
665	670
666	666
666	667
667	666
667	667
667	668
667	672
667	673
667	706
667	1172
668	667
668	668
668	672
668	673
668	706
668	1172
669	386
669	387
669	665
669	669
669	670
669	671
669	676
669	707
669	708
669	709
669	1094
670	290
670	665
670	669
670	670
670	671
670	676
670	707
670	708
670	709
670	774
670	780
670	1094
671	669
671	670
671	671
672	667
672	668
672	672
672	673
672	710
672	711
672	712
672	713
672	714
672	716
672	717
672	961
672	1172
672	1182
673	139
673	667
673	668
673	672
673	673
673	710
673	711
673	712
673	713
673	716
673	717
673	961
673	1172
673	1182
674	440
674	441
674	523
674	563
674	564
674	674
675	328
675	594
675	675
676	669
676	670
676	676
676	708
676	709
676	775
676	961
677	362
677	363
677	509
677	510
677	677
677	1459
678	678
679	679
679	856
679	1256
679	1351
679	1436
679	1437
680	246
680	249
680	250
680	627
680	680
680	998
681	681
682	74
682	187
682	201
682	439
682	682
682	773
682	820
682	855
683	683
683	932
684	684
685	260
685	270
685	685
685	1221
686	686
687	205
687	206
687	622
687	687
688	170
688	176
688	233
688	397
688	654
688	662
688	688
688	689
688	690
688	705
688	740
688	778
688	1261
688	1376
689	283
689	284
689	289
689	291
689	388
689	397
689	493
689	503
689	595
689	688
689	689
689	690
689	776
689	777
689	778
689	1362
690	254
690	267
690	275
690	282
690	283
690	284
690	289
690	291
690	388
690	397
690	398
690	493
690	503
690	688
690	689
690	690
690	773
690	776
690	777
690	778
690	1072
690	1118
690	1122
691	655
691	691
691	692
691	810
691	824
692	691
692	692
693	199
693	693
694	694
695	373
695	374
695	379
695	695
695	696
695	697
696	379
696	695
696	696
696	697
696	884
697	373
697	374
697	695
697	696
697	697
698	698
699	699
700	254
700	255
700	700
700	701
700	703
700	719
700	1111
700	1283
701	623
701	700
701	701
701	852
701	1067
701	1068
702	252
702	547
702	555
702	559
702	600
702	601
702	702
703	570
703	571
703	572
703	574
703	700
703	703
703	769
703	837
703	986
703	1111
703	1114
703	1164
703	1310
703	1346
704	159
704	704
704	808
704	809
704	1040
704	1105
704	1156
705	654
705	688
705	705
705	740
705	773
705	777
705	778
706	667
706	668
706	706
706	710
706	711
706	712
706	713
706	714
706	1229
706	1259
707	387
707	669
707	670
707	707
707	708
707	709
707	774
707	775
707	780
707	1094
708	147
708	152
708	153
708	385
708	438
708	640
708	641
708	669
708	670
708	676
708	707
708	708
708	709
708	774
708	775
708	779
708	780
708	1094
708	1300
709	596
709	669
709	670
709	676
709	707
709	708
709	709
709	710
709	774
709	775
709	780
709	1171
709	1182
709	1221
710	202
710	596
710	672
710	673
710	706
710	709
710	710
710	711
710	712
710	713
710	714
710	715
710	716
710	717
710	774
710	961
710	1172
710	1182
710	1259
710	1326
711	672
711	673
711	706
711	710
711	711
711	712
711	713
711	714
711	715
711	716
711	717
711	774
711	961
711	1172
711	1182
711	1229
712	672
712	673
712	706
712	710
712	711
712	712
712	713
712	714
712	715
712	716
712	717
712	774
712	961
712	1172
712	1182
712	1229
713	672
713	673
713	706
713	710
713	711
713	712
713	713
713	714
713	715
713	716
713	717
713	961
713	1172
713	1182
713	1229
714	672
714	706
714	710
714	711
714	712
714	713
714	714
714	715
714	716
714	717
714	961
714	1182
715	710
715	711
715	712
715	713
715	714
715	715
715	716
715	717
715	961
715	1172
715	1182
715	1447
716	642
716	672
716	673
716	710
716	711
716	712
716	713
716	714
716	715
716	716
716	717
716	754
716	961
716	1172
716	1182
716	1445
716	1447
717	672
717	673
717	710
717	711
717	712
717	713
717	714
717	715
717	716
717	717
717	961
717	1172
717	1182
717	1445
717	1446
717	1447
718	718
719	700
719	719
719	1171
719	1415
720	720
721	149
721	721
721	874
722	722
723	723
723	981
724	308
724	724
724	725
724	726
724	751
725	724
725	725
725	726
725	751
726	308
726	724
726	725
726	726
726	751
727	727
728	728
728	960
728	1001
728	1002
728	1004
728	1075
728	1162
728	1168
728	1197
728	1198
729	74
729	493
729	729
729	855
730	730
731	664
731	731
731	1007
732	732
733	99
733	281
733	490
733	491
733	495
733	496
733	733
733	734
733	735
733	738
733	739
733	749
733	1059
733	1294
733	1295
734	99
734	281
734	490
734	491
734	495
734	496
734	733
734	734
734	735
734	738
734	739
734	749
734	1059
734	1294
734	1295
735	99
735	281
735	490
735	491
735	495
735	496
735	733
735	734
735	735
735	738
735	739
735	749
735	1059
735	1294
735	1295
736	45
736	55
736	56
736	57
736	60
736	61
736	242
736	736
736	1109
737	382
737	383
737	737
737	1046
737	1047
738	285
738	286
738	490
738	733
738	734
738	735
738	738
738	739
738	762
738	1102
738	1294
738	1295
739	285
739	286
739	490
739	733
739	734
739	735
739	738
739	739
739	762
739	1102
739	1294
739	1295
740	688
740	705
740	740
740	1261
740	1376
741	741
741	1092
741	1099
741	1100
741	1137
741	1176
741	1177
741	1178
742	742
742	1274
742	1430
743	152
743	187
743	289
743	438
743	439
743	743
743	764
743	766
743	767
743	768
744	744
744	745
744	746
745	744
745	745
745	746
746	744
746	745
746	746
747	747
748	748
749	490
749	491
749	733
749	734
749	735
749	749
749	1294
749	1295
750	292
750	587
750	750
750	1285
751	308
751	724
751	725
751	726
751	751
752	752
753	753
754	642
754	716
754	754
754	1401
754	1445
755	37
755	39
755	67
755	653
755	755
755	789
755	1297
756	136
756	203
756	662
756	663
756	756
756	1308
757	757
757	758
757	1211
757	1222
757	1296
758	757
758	758
758	1222
758	1296
759	122
759	514
759	556
759	661
759	759
759	848
759	854
759	1144
759	1145
759	1366
759	1372
759	1404
759	1405
760	8
760	123
760	760
761	131
761	761
761	882
762	285
762	286
762	490
762	738
762	739
762	762
762	1102
762	1104
763	763
763	1327
764	151
764	282
764	743
764	764
764	767
764	768
765	765
766	263
766	340
766	743
766	766
766	767
766	768
766	988
767	136
767	263
767	264
767	266
767	282
767	662
767	743
767	764
767	766
767	767
767	768
767	865
767	1435
768	743
768	764
768	766
768	767
768	768
768	873
769	570
769	571
769	572
769	574
769	587
769	589
769	590
769	634
769	703
769	769
769	837
769	986
769	1008
769	1114
770	543
770	544
770	770
770	771
770	852
770	1333
771	543
771	544
771	770
771	771
771	852
771	1333
772	294
772	591
772	772
772	944
772	1041
772	1309
772	1415
773	74
773	152
773	153
773	187
773	193
773	201
773	295
773	385
773	386
773	387
773	397
773	438
773	439
773	485
773	501
773	641
773	682
773	690
773	705
773	773
773	776
773	777
773	778
773	779
773	820
773	855
773	1300
773	1438
774	502
774	670
774	707
774	708
774	709
774	710
774	711
774	712
774	774
774	775
774	780
775	153
775	676
775	707
775	708
775	709
775	774
775	775
775	779
775	780
775	1094
776	284
776	397
776	503
776	595
776	689
776	690
776	773
776	776
776	777
776	778
776	787
776	1362
777	283
777	284
777	291
777	388
777	397
777	493
777	503
777	689
777	690
777	705
777	773
777	776
777	777
777	778
777	1362
778	267
778	275
778	282
778	283
778	284
778	289
778	291
778	388
778	397
778	398
778	493
778	503
778	688
778	689
778	690
778	705
778	773
778	776
778	777
778	778
778	944
778	1006
778	1072
778	1111
778	1118
778	1122
779	74
779	147
779	152
779	153
779	184
779	187
779	193
779	385
779	386
779	438
779	439
779	501
779	640
779	708
779	773
779	775
779	779
779	780
779	855
779	1094
779	1300
780	290
780	670
780	707
780	708
780	709
780	774
780	775
780	779
780	780
781	781
782	782
782	1108
783	581
783	582
783	583
783	585
783	612
783	623
783	646
783	783
783	785
784	331
784	332
784	399
784	582
784	583
784	584
784	585
784	612
784	625
784	626
784	632
784	633
784	784
784	785
784	798
784	799
784	1073
784	1112
784	1336
784	1387
785	331
785	332
785	399
785	582
785	583
785	584
785	585
785	612
785	625
785	626
785	632
785	633
785	783
785	784
785	785
785	798
785	799
785	1073
785	1112
785	1220
785	1228
785	1336
785	1387
786	62
786	63
786	296
786	347
786	786
786	1326
786	1399
786	1451
787	592
787	595
787	776
787	787
787	857
787	1072
787	1086
787	1430
788	788
788	1261
789	7
789	51
789	54
789	350
789	521
789	657
789	755
789	789
789	825
789	1215
789	1297
789	1460
790	790
790	821
791	484
791	524
791	647
791	791
791	955
792	530
792	792
792	793
792	847
793	464
793	474
793	479
793	480
793	481
793	482
793	483
793	530
793	792
793	793
793	845
793	846
793	847
793	853
793	1076
793	1125
793	1184
793	1185
793	1205
793	1216
793	1219
794	181
794	196
794	197
794	298
794	340
794	354
794	794
794	941
794	942
794	1016
794	1031
794	1082
794	1084
794	1138
794	1290
794	1420
794	1449
795	9
795	10
795	20
795	33
795	34
795	45
795	46
795	48
795	55
795	57
795	61
795	66
795	68
795	69
795	540
795	653
795	657
795	795
795	1179
796	796
796	913
796	914
796	915
796	1234
797	300
797	797
797	992
797	999
797	1024
797	1143
797	1250
797	1261
797	1439
798	331
798	332
798	399
798	582
798	583
798	584
798	585
798	612
798	625
798	626
798	632
798	633
798	784
798	785
798	798
798	799
798	1073
798	1112
798	1220
798	1228
798	1336
798	1387
799	331
799	332
799	399
799	583
799	584
799	585
799	612
799	625
799	626
799	632
799	633
799	784
799	785
799	798
799	799
799	1073
799	1112
799	1220
799	1228
799	1336
799	1387
800	309
800	800
800	1106
801	394
801	396
801	801
802	802
802	1379
802	1394
803	65
803	392
803	803
803	804
803	805
803	806
803	815
803	816
803	817
803	818
803	819
803	823
803	887
803	1353
803	1354
804	65
804	803
804	804
804	805
804	806
804	1353
804	1354
805	65
805	803
805	804
805	805
805	806
805	1353
805	1354
806	65
806	803
806	804
806	805
806	806
806	1353
806	1354
807	807
808	154
808	156
808	157
808	194
808	195
808	704
808	808
808	809
808	1105
809	154
809	156
809	157
809	194
809	195
809	704
809	808
809	809
809	1105
810	20
810	33
810	34
810	57
810	66
810	653
810	655
810	657
810	691
810	810
810	824
811	811
812	812
813	813
813	1134
814	814
815	103
815	104
815	392
815	803
815	815
815	816
815	817
815	818
815	819
815	823
815	887
816	103
816	104
816	803
816	815
816	816
816	817
816	818
816	819
816	823
816	887
817	392
817	803
817	815
817	816
817	817
817	1353
817	1354
818	103
818	104
818	803
818	815
818	816
818	818
818	819
818	823
818	887
819	103
819	104
819	803
819	815
819	816
819	818
819	819
819	823
819	887
819	1181
820	201
820	265
820	299
820	682
820	773
820	820
820	855
820	1001
820	1438
821	790
821	821
822	198
822	822
823	103
823	104
823	803
823	815
823	816
823	818
823	819
823	823
823	887
824	691
824	810
824	824
825	70
825	71
825	789
825	825
825	1137
825	1460
825	1464
825	1466
826	826
826	1269
826	1415
827	465
827	467
827	472
827	827
827	835
827	1039
827	1054
827	1055
827	1056
827	1057
827	1125
827	1227
828	828
828	829
828	830
828	1123
829	828
829	829
829	830
829	831
829	1123
830	828
830	829
830	830
830	831
830	1123
831	829
831	830
831	831
831	1123
832	324
832	326
832	832
833	833
833	834
833	1125
834	833
834	834
834	1125
835	465
835	467
835	827
835	835
835	1039
835	1055
835	1056
835	1057
835	1227
836	239
836	836
836	1414
837	340
837	703
837	769
837	837
838	262
838	838
838	840
839	839
840	838
840	840
841	509
841	841
842	415
842	416
842	417
842	418
842	420
842	421
842	422
842	442
842	443
842	444
842	445
842	446
842	447
842	475
842	477
842	525
842	526
842	527
842	531
842	532
842	533
842	842
842	843
842	844
842	1119
842	1120
842	1128
842	1183
842	1193
842	1204
843	415
843	416
843	417
843	419
843	420
843	421
843	422
843	442
843	443
843	444
843	445
843	446
843	447
843	475
843	477
843	478
843	525
843	526
843	527
843	531
843	532
843	533
843	842
843	843
843	844
843	1119
843	1120
843	1128
843	1183
843	1204
844	415
844	417
844	418
844	420
844	421
844	422
844	443
844	444
844	445
844	448
844	449
844	450
844	477
844	478
844	479
844	480
844	481
844	482
844	525
844	526
844	527
844	528
844	529
844	531
844	532
844	533
844	842
844	843
844	844
844	845
844	846
844	847
844	1076
844	1120
844	1128
844	1183
844	1185
844	1204
845	415
845	418
845	447
845	448
845	449
845	450
845	451
845	464
845	475
845	479
845	480
845	481
845	482
845	483
845	528
845	529
845	530
845	533
845	793
845	844
845	845
845	846
845	847
845	853
845	955
845	1076
845	1125
845	1129
845	1184
845	1185
845	1205
845	1216
845	1322
846	418
846	449
846	450
846	451
846	464
846	479
846	480
846	481
846	482
846	483
846	528
846	529
846	530
846	533
846	534
846	793
846	844
846	845
846	846
846	847
846	853
846	1076
846	1125
846	1184
846	1185
846	1205
846	1216
846	1219
847	464
847	474
847	479
847	480
847	481
847	482
847	483
847	524
847	530
847	792
847	793
847	844
847	845
847	846
847	847
847	853
847	955
847	1076
847	1125
847	1184
847	1185
847	1205
847	1216
847	1219
848	75
848	122
848	241
848	244
848	514
848	556
848	588
848	661
848	759
848	848
848	849
848	850
848	851
848	854
848	869
848	937
848	962
848	1032
848	1144
848	1145
848	1292
848	1298
848	1366
848	1372
848	1373
848	1404
848	1405
848	1407
849	75
849	122
849	241
849	244
849	245
849	556
849	588
849	661
849	848
849	849
849	850
849	851
849	861
849	862
849	863
849	865
849	868
849	869
849	937
849	962
849	1032
849	1144
849	1145
849	1292
849	1293
849	1323
849	1366
849	1369
849	1372
849	1373
849	1404
849	1405
850	75
850	122
850	241
850	244
850	556
850	588
850	661
850	848
850	849
850	850
850	851
850	854
850	864
850	868
850	937
850	962
850	1032
850	1144
850	1145
850	1292
850	1366
850	1369
850	1372
850	1373
850	1404
850	1405
850	1407
851	75
851	122
851	241
851	244
851	556
851	588
851	661
851	848
851	849
851	850
851	851
851	854
851	864
851	867
851	869
851	937
851	962
851	1032
851	1144
851	1145
851	1292
851	1366
851	1369
851	1372
851	1373
851	1404
851	1405
851	1407
852	543
852	544
852	701
852	770
852	771
852	852
852	1067
852	1068
852	1232
852	1236
852	1333
853	464
853	474
853	476
853	483
853	524
853	793
853	845
853	846
853	847
853	853
853	955
853	1125
853	1184
853	1185
853	1205
853	1216
853	1219
854	556
854	661
854	759
854	848
854	850
854	851
854	854
854	1144
854	1145
854	1366
854	1372
854	1404
854	1405
855	74
855	187
855	201
855	439
855	566
855	682
855	729
855	773
855	779
855	820
855	855
855	856
856	679
856	855
856	856
857	582
857	592
857	593
857	596
857	787
857	857
857	1012
857	1086
857	1256
857	1309
858	381
858	858
859	859
859	866
860	860
860	861
860	862
860	863
860	865
860	866
860	867
860	868
860	869
860	1293
860	1328
861	75
861	439
861	849
861	860
861	861
861	862
861	863
861	864
861	865
861	866
861	867
861	868
861	869
861	905
861	906
861	908
861	962
861	1292
861	1293
861	1323
861	1328
861	1373
862	75
862	245
862	849
862	860
862	861
862	862
862	863
862	864
862	865
862	866
862	867
862	868
862	869
862	905
862	906
862	908
862	1293
862	1323
862	1328
862	1373
863	849
863	860
863	861
863	862
863	863
863	864
863	865
863	866
863	867
863	868
863	869
863	905
863	906
863	908
863	1292
863	1293
863	1328
864	850
864	851
864	861
864	862
864	863
864	864
864	865
864	866
864	867
864	868
864	869
864	905
864	906
864	908
864	1293
864	1328
864	1404
865	75
865	767
865	849
865	860
865	861
865	862
865	863
865	864
865	865
865	866
865	867
865	868
865	869
865	905
865	906
865	908
865	1293
865	1323
865	1328
865	1373
866	859
866	860
866	861
866	862
866	863
866	864
866	865
866	866
866	867
866	868
866	869
866	905
866	906
866	908
866	937
866	1293
866	1328
867	851
867	860
867	861
867	862
867	863
867	864
867	865
867	866
867	867
867	868
867	869
867	905
867	906
867	908
867	1293
867	1328
868	75
868	241
868	244
868	283
868	650
868	849
868	850
868	860
868	861
868	862
868	863
868	864
868	865
868	866
868	867
868	868
868	869
868	871
868	905
868	906
868	908
868	1293
868	1323
868	1328
868	1373
869	244
869	848
869	849
869	851
869	860
869	861
869	862
869	863
869	864
869	865
869	866
869	867
869	868
869	869
869	905
869	906
869	908
869	1293
869	1328
869	1373
869	1405
870	870
871	868
871	871
871	1104
872	872
873	768
873	873
874	149
874	173
874	721
874	874
875	875
875	1133
875	1460
876	876
877	877
878	878
879	879
880	254
880	255
880	397
880	493
880	880
880	1111
880	1132
880	1136
880	1139
880	1271
880	1273
880	1283
880	1309
880	1374
881	881
882	131
882	761
882	882
883	883
884	95
884	379
884	696
884	884
885	235
885	280
885	885
885	1033
885	1034
886	886
887	103
887	104
887	117
887	392
887	803
887	815
887	816
887	818
887	819
887	823
887	887
887	1181
888	888
888	889
888	890
888	891
888	892
888	1186
888	1312
888	1313
889	888
889	889
889	890
889	891
889	892
889	1186
889	1312
889	1313
890	888
890	889
890	890
890	891
890	892
890	1186
890	1312
890	1313
891	888
891	889
891	890
891	891
891	892
891	1186
891	1312
891	1313
892	888
892	889
892	890
892	891
892	892
892	1186
892	1312
892	1313
893	893
893	950
893	951
894	894
894	895
894	916
895	894
895	895
896	896
897	897
898	898
898	899
898	900
898	901
898	902
898	958
898	1235
899	898
899	899
899	900
899	901
899	902
899	1235
900	898
900	899
900	900
900	901
900	902
900	1235
901	898
901	899
901	900
901	901
901	902
901	1235
902	898
902	899
902	900
902	901
902	902
903	903
904	904
904	1003
905	861
905	862
905	863
905	864
905	865
905	866
905	867
905	868
905	869
905	905
905	906
905	908
905	1293
905	1328
906	861
906	862
906	863
906	864
906	865
906	866
906	867
906	868
906	869
906	905
906	906
906	908
906	1293
906	1328
907	907
907	990
908	861
908	862
908	863
908	864
908	865
908	866
908	867
908	868
908	869
908	905
908	906
908	908
908	1293
908	1328
909	909
910	910
911	911
911	971
912	912
913	796
913	913
913	914
913	915
913	1234
914	796
914	913
914	914
914	915
914	1234
915	796
915	913
915	914
915	915
915	1234
916	894
916	916
917	917
917	1152
917	1359
918	918
918	919
918	920
918	1015
919	918
919	919
919	920
919	1015
920	918
920	919
920	920
920	1015
921	662
921	921
922	321
922	922
923	359
923	923
924	924
924	926
924	927
925	925
925	926
925	927
925	995
925	996
926	924
926	925
926	926
926	927
926	995
926	996
927	924
927	925
927	926
927	927
927	995
927	996
928	928
929	929
930	930
931	931
932	683
932	932
933	933
933	934
933	935
933	1023
933	1448
934	933
934	934
934	935
934	1023
934	1448
935	933
935	934
935	935
935	1023
935	1448
936	205
936	936
937	75
937	122
937	241
937	244
937	556
937	588
937	661
937	848
937	849
937	850
937	851
937	866
937	937
937	962
937	1032
937	1144
937	1145
937	1292
937	1372
937	1373
937	1404
937	1405
938	938
939	939
939	1029
940	940
941	196
941	197
941	298
941	340
941	354
941	794
941	941
941	942
941	1016
941	1031
941	1290
941	1420
941	1449
942	196
942	197
942	298
942	340
942	354
942	794
942	941
942	942
942	1016
942	1031
942	1290
942	1420
942	1449
943	183
943	943
944	272
944	590
944	772
944	778
944	944
944	1008
945	945
946	946
947	947
947	948
947	949
948	947
948	948
948	949
949	947
949	948
949	949
950	893
950	950
950	951
951	893
951	950
951	951
952	126
952	130
952	433
952	538
952	952
952	1022
952	1026
952	1286
952	1287
952	1288
952	1406
952	1421
953	953
953	954
954	953
954	954
955	464
955	474
955	483
955	524
955	527
955	791
955	845
955	847
955	853
955	955
955	1125
955	1184
955	1185
955	1205
955	1216
955	1219
956	956
957	957
957	1080
957	1279
957	1280
958	898
958	958
958	1299
959	284
959	328
959	959
960	728
960	960
960	1004
960	1075
961	672
961	673
961	676
961	710
961	711
961	712
961	713
961	714
961	715
961	716
961	717
961	961
961	1172
961	1182
962	75
962	122
962	241
962	244
962	556
962	588
962	661
962	848
962	849
962	850
962	851
962	861
962	937
962	962
962	1032
962	1144
962	1145
962	1292
962	1293
962	1366
962	1369
962	1370
962	1371
962	1372
962	1373
962	1404
962	1405
963	963
964	964
965	965
966	966
966	967
967	966
967	967
968	968
969	282
969	969
970	970
971	273
971	911
971	971
971	1072
971	1437
972	972
973	973
973	1260
974	974
974	975
975	974
975	975
976	976
977	977
978	629
978	630
978	978
979	317
979	979
979	1010
980	168
980	169
980	437
980	605
980	607
980	608
980	609
980	980
980	1166
981	723
981	981
982	982
983	240
983	983
983	1000
984	984
985	985
985	986
986	570
986	571
986	572
986	574
986	703
986	769
986	985
986	986
987	987
987	1272
988	263
988	766
988	988
989	989
990	907
990	990
990	1325
991	292
991	991
992	797
992	992
992	1024
992	1250
992	1261
993	993
993	1396
993	1398
994	994
995	925
995	926
995	927
995	995
995	996
996	925
996	926
996	927
996	995
996	996
997	997
998	246
998	249
998	250
998	627
998	680
998	998
999	797
999	999
999	1250
1000	240
1000	983
1000	1000
1001	326
1001	728
1001	820
1001	1001
1001	1002
1001	1004
1001	1005
1001	1006
1001	1075
1001	1162
1001	1168
1001	1170
1001	1171
1001	1197
1001	1198
1001	1278
1002	625
1002	728
1002	1001
1002	1002
1002	1004
1002	1005
1002	1075
1002	1162
1002	1163
1002	1168
1002	1171
1002	1197
1002	1198
1002	1278
1003	904
1003	1003
1004	728
1004	960
1004	1001
1004	1002
1004	1004
1004	1005
1004	1075
1004	1162
1004	1168
1004	1171
1004	1197
1004	1198
1004	1278
1005	1001
1005	1002
1005	1004
1005	1005
1005	1075
1005	1162
1005	1198
1005	1278
1005	1445
1005	1446
1006	778
1006	1001
1006	1006
1007	731
1007	1007
1008	589
1008	590
1008	591
1008	599
1008	618
1008	627
1008	769
1008	944
1008	1008
1008	1252
1009	1009
1010	127
1010	128
1010	129
1010	979
1010	1010
1010	1155
1010	1367
1010	1368
1011	1011
1012	643
1012	646
1012	857
1012	1012
1012	1273
1012	1413
1013	1013
1014	1014
1015	918
1015	919
1015	920
1015	1015
1016	196
1016	197
1016	298
1016	340
1016	354
1016	794
1016	941
1016	942
1016	1016
1016	1031
1016	1290
1016	1420
1016	1449
1017	1017
1018	1018
1019	110
1019	1019
1019	1020
1019	1021
1020	110
1020	111
1020	112
1020	1019
1020	1020
1020	1021
1021	110
1021	111
1021	112
1021	1019
1021	1020
1021	1021
1022	126
1022	130
1022	433
1022	538
1022	952
1022	1022
1022	1026
1022	1286
1022	1287
1022	1288
1022	1406
1022	1421
1023	933
1023	934
1023	935
1023	1023
1023	1448
1024	797
1024	992
1024	1024
1024	1143
1024	1250
1024	1439
1025	1025
1025	1365
1026	126
1026	130
1026	433
1026	538
1026	952
1026	1022
1026	1026
1026	1286
1026	1287
1026	1288
1026	1406
1026	1421
1027	1027
1028	1028
1028	1335
1029	939
1029	1029
1030	1030
1031	196
1031	197
1031	298
1031	340
1031	354
1031	794
1031	941
1031	942
1031	1016
1031	1031
1031	1290
1031	1420
1031	1449
1032	75
1032	122
1032	241
1032	244
1032	556
1032	588
1032	661
1032	848
1032	849
1032	850
1032	851
1032	937
1032	962
1032	1032
1032	1144
1032	1145
1032	1292
1032	1366
1032	1369
1032	1370
1032	1371
1032	1372
1032	1373
1032	1404
1032	1405
1033	277
1033	280
1033	885
1033	1033
1033	1034
1033	1381
1033	1382
1034	235
1034	238
1034	280
1034	885
1034	1033
1034	1034
1034	1079
1035	297
1035	1035
1036	1036
1036	1146
1036	1147
1037	1037
1037	1038
1037	1148
1037	1151
1038	1037
1038	1038
1038	1148
1038	1151
1039	466
1039	467
1039	471
1039	483
1039	827
1039	835
1039	1039
1039	1055
1039	1056
1039	1057
1039	1227
1040	159
1040	704
1040	1040
1040	1105
1041	772
1041	1041
1041	1111
1041	1285
1041	1309
1041	1310
1041	1415
1042	1042
1042	1291
1043	1043
1044	387
1044	566
1044	611
1044	641
1044	1044
1045	1045
1046	382
1046	383
1046	575
1046	621
1046	737
1046	1046
1046	1047
1046	1096
1046	1165
1046	1402
1047	383
1047	737
1047	1046
1047	1047
1048	412
1048	430
1048	1048
1049	1049
1049	1050
1049	1051
1049	1052
1050	1049
1050	1050
1050	1051
1050	1052
1051	1049
1051	1050
1051	1051
1051	1052
1052	413
1052	1049
1052	1050
1052	1051
1052	1052
1053	1053
1054	466
1054	467
1054	827
1054	1054
1054	1055
1054	1056
1054	1227
1055	466
1055	467
1055	468
1055	827
1055	835
1055	1039
1055	1054
1055	1055
1055	1056
1055	1057
1055	1227
1056	464
1056	465
1056	466
1056	467
1056	468
1056	483
1056	827
1056	835
1056	1039
1056	1054
1056	1055
1056	1056
1056	1057
1056	1227
1057	465
1057	467
1057	827
1057	835
1057	1039
1057	1055
1057	1056
1057	1057
1057	1227
1058	1058
1059	281
1059	490
1059	495
1059	496
1059	733
1059	734
1059	735
1059	1059
1059	1294
1059	1295
1060	1060
1060	1061
1060	1095
1061	1060
1061	1061
1061	1095
1062	1062
1063	1063
1064	1064
1065	1065
1066	233
1066	253
1066	1066
1066	1071
1067	256
1067	258
1067	259
1067	550
1067	558
1067	559
1067	701
1067	852
1067	1067
1067	1068
1067	1069
1067	1074
1067	1390
1068	623
1068	701
1068	852
1068	1067
1068	1068
1069	256
1069	257
1069	258
1069	259
1069	550
1069	558
1069	1067
1069	1069
1069	1074
1069	1390
1070	1070
1071	1066
1071	1071
1072	273
1072	397
1072	493
1072	654
1072	690
1072	778
1072	787
1072	971
1072	1072
1072	1075
1072	1086
1072	1111
1072	1132
1072	1162
1073	331
1073	332
1073	399
1073	582
1073	583
1073	584
1073	585
1073	612
1073	625
1073	626
1073	632
1073	633
1073	784
1073	785
1073	798
1073	799
1073	1073
1073	1112
1073	1220
1073	1228
1073	1336
1073	1387
1074	256
1074	257
1074	258
1074	259
1074	550
1074	558
1074	1067
1074	1069
1074	1074
1074	1390
1075	728
1075	960
1075	1001
1075	1002
1075	1004
1075	1005
1075	1072
1075	1075
1075	1162
1075	1163
1075	1168
1075	1171
1075	1197
1075	1198
1075	1278
1076	418
1076	448
1076	449
1076	450
1076	451
1076	464
1076	475
1076	479
1076	480
1076	481
1076	482
1076	483
1076	528
1076	529
1076	530
1076	793
1076	844
1076	845
1076	846
1076	847
1076	1076
1076	1125
1076	1129
1076	1184
1076	1185
1076	1205
1076	1216
1076	1322
1077	1077
1078	1078
1078	1087
1079	235
1079	238
1079	278
1079	279
1079	581
1079	1034
1079	1079
1079	1346
1079	1381
1079	1382
1080	957
1080	1080
1080	1081
1080	1082
1080	1279
1080	1280
1081	1080
1081	1081
1081	1082
1081	1254
1081	1424
1081	1439
1082	181
1082	196
1082	197
1082	794
1082	1080
1082	1081
1082	1082
1082	1084
1082	1085
1082	1138
1082	1254
1083	1083
1084	196
1084	197
1084	794
1084	1082
1084	1084
1084	1085
1084	1252
1084	1253
1084	1255
1084	1263
1084	1264
1084	1311
1085	197
1085	1082
1085	1084
1085	1085
1085	1252
1085	1255
1085	1263
1085	1264
1085	1311
1086	592
1086	593
1086	596
1086	787
1086	857
1086	1072
1086	1086
1086	1210
1086	1256
1087	1078
1087	1087
1088	1088
1089	1089
1089	1090
1090	1089
1090	1090
1091	1091
1092	741
1092	1092
1092	1100
1092	1135
1092	1175
1093	1093
1094	147
1094	153
1094	385
1094	438
1094	640
1094	669
1094	670
1094	707
1094	708
1094	775
1094	779
1094	1094
1094	1300
1095	1060
1095	1061
1095	1095
1096	382
1096	383
1096	1046
1096	1096
1097	544
1097	1097
1097	1099
1097	1173
1097	1174
1098	1098
1099	741
1099	1097
1099	1099
1099	1100
1099	1131
1099	1135
1099	1137
1099	1176
1099	1177
1099	1178
1100	741
1100	1092
1100	1099
1100	1100
1100	1175
1100	1176
1100	1177
1100	1178
1101	285
1101	286
1101	1101
1101	1102
1101	1104
1102	285
1102	286
1102	738
1102	739
1102	762
1102	1101
1102	1102
1102	1104
1103	1103
1104	285
1104	286
1104	762
1104	871
1104	1101
1104	1102
1104	1104
1104	1296
1105	704
1105	808
1105	809
1105	1040
1105	1105
1106	309
1106	800
1106	1106
1107	1107
1108	782
1108	1108
1108	1181
1109	45
1109	55
1109	56
1109	57
1109	60
1109	61
1109	242
1109	736
1109	1109
1110	1110
1111	275
1111	700
1111	703
1111	778
1111	880
1111	1041
1111	1072
1111	1111
1111	1113
1111	1116
1111	1162
1111	1171
1111	1285
1111	1346
1111	1374
1111	1415
1112	331
1112	399
1112	582
1112	583
1112	584
1112	585
1112	612
1112	625
1112	626
1112	632
1112	633
1112	784
1112	785
1112	798
1112	799
1112	1073
1112	1112
1112	1220
1112	1228
1112	1336
1112	1387
1113	1111
1113	1113
1113	1114
1113	1115
1113	1116
1113	1310
1113	1415
1114	574
1114	703
1114	769
1114	1113
1114	1114
1114	1115
1114	1116
1114	1164
1114	1285
1115	1113
1115	1114
1115	1115
1115	1116
1115	1285
1116	247
1116	293
1116	582
1116	1111
1116	1113
1116	1114
1116	1115
1116	1116
1116	1163
1116	1282
1116	1285
1116	1311
1116	1374
1117	1117
1118	397
1118	690
1118	778
1118	1118
1118	1122
1118	1309
1119	415
1119	416
1119	417
1119	418
1119	419
1119	420
1119	421
1119	422
1119	442
1119	443
1119	444
1119	445
1119	525
1119	526
1119	527
1119	531
1119	532
1119	533
1119	842
1119	843
1119	1119
1119	1120
1119	1121
1119	1127
1119	1128
1119	1183
1119	1204
1119	1322
1120	415
1120	416
1120	417
1120	419
1120	420
1120	421
1120	422
1120	442
1120	443
1120	444
1120	445
1120	477
1120	478
1120	525
1120	526
1120	527
1120	531
1120	532
1120	533
1120	842
1120	843
1120	844
1120	1119
1120	1120
1120	1121
1120	1127
1120	1128
1120	1183
1120	1204
1121	525
1121	1119
1121	1120
1121	1121
1122	397
1122	569
1122	690
1122	778
1122	1118
1122	1122
1122	1309
1123	828
1123	829
1123	830
1123	831
1123	1123
1124	465
1124	469
1124	1124
1124	1125
1124	1206
1124	1219
1124	1227
1125	464
1125	465
1125	474
1125	479
1125	480
1125	481
1125	482
1125	483
1125	524
1125	793
1125	827
1125	833
1125	834
1125	845
1125	846
1125	847
1125	853
1125	955
1125	1076
1125	1124
1125	1125
1125	1184
1125	1185
1125	1205
1125	1216
1125	1219
1125	1227
1126	288
1126	390
1126	1126
1126	1301
1126	1302
1126	1306
1127	415
1127	417
1127	418
1127	419
1127	446
1127	447
1127	448
1127	449
1127	450
1127	525
1127	527
1127	528
1127	529
1127	1119
1127	1120
1127	1127
1127	1128
1127	1129
1127	1183
1127	1185
1127	1193
1127	1322
1128	415
1128	416
1128	417
1128	419
1128	420
1128	421
1128	422
1128	442
1128	443
1128	444
1128	445
1128	477
1128	478
1128	525
1128	526
1128	527
1128	531
1128	532
1128	533
1128	842
1128	843
1128	844
1128	1119
1128	1120
1128	1127
1128	1128
1128	1129
1128	1183
1128	1185
1128	1204
1129	418
1129	446
1129	447
1129	448
1129	449
1129	450
1129	451
1129	479
1129	480
1129	481
1129	482
1129	525
1129	527
1129	528
1129	529
1129	534
1129	845
1129	1076
1129	1127
1129	1128
1129	1129
1129	1183
1129	1184
1129	1185
1129	1193
1129	1205
1129	1322
1130	1130
1130	1231
1131	1099
1131	1131
1131	1135
1131	1137
1131	1176
1131	1178
1132	208
1132	254
1132	255
1132	268
1132	269
1132	283
1132	316
1132	398
1132	880
1132	1072
1132	1132
1132	1134
1132	1135
1132	1136
1132	1139
1132	1283
1132	1374
1133	875
1133	1133
1133	1137
1134	254
1134	269
1134	813
1134	1132
1134	1134
1134	1136
1134	1139
1134	1283
1135	1092
1135	1099
1135	1131
1135	1132
1135	1135
1135	1137
1135	1176
1135	1178
1136	254
1136	255
1136	269
1136	283
1136	398
1136	880
1136	1132
1136	1134
1136	1136
1136	1138
1136	1139
1136	1283
1136	1309
1137	741
1137	825
1137	1099
1137	1131
1137	1133
1137	1135
1137	1137
1137	1176
1137	1178
1138	181
1138	196
1138	197
1138	207
1138	209
1138	216
1138	794
1138	1082
1138	1136
1138	1138
1138	1139
1139	207
1139	208
1139	254
1139	283
1139	316
1139	880
1139	1132
1139	1134
1139	1136
1139	1138
1139	1139
1139	1283
1140	1140
1141	1141
1142	1142
1143	797
1143	1024
1143	1143
1143	1250
1143	1261
1143	1439
1144	75
1144	122
1144	241
1144	244
1144	514
1144	556
1144	588
1144	661
1144	759
1144	848
1144	849
1144	850
1144	851
1144	854
1144	937
1144	962
1144	1032
1144	1144
1144	1145
1144	1292
1144	1298
1144	1366
1144	1372
1144	1373
1144	1404
1144	1405
1145	75
1145	122
1145	241
1145	244
1145	514
1145	556
1145	588
1145	661
1145	759
1145	848
1145	849
1145	850
1145	851
1145	854
1145	937
1145	962
1145	1032
1145	1144
1145	1145
1145	1292
1145	1298
1145	1366
1145	1372
1145	1373
1145	1404
1145	1405
1146	1036
1146	1146
1146	1147
1147	1036
1147	1146
1147	1147
1148	1037
1148	1038
1148	1148
1148	1151
1149	340
1149	1149
1150	1150
1151	1037
1151	1038
1151	1148
1151	1151
1152	917
1152	1152
1152	1154
1152	1359
1153	1153
1154	1152
1154	1154
1154	1360
1154	1361
1155	118
1155	127
1155	128
1155	129
1155	317
1155	1010
1155	1155
1155	1367
1155	1368
1156	336
1156	704
1156	1156
1157	1157
1158	1158
1158	1301
1158	1302
1158	1303
1158	1304
1158	1305
1158	1306
1159	1159
1159	1160
1159	1233
1160	1159
1160	1160
1160	1233
1161	1161
1162	728
1162	1001
1162	1002
1162	1004
1162	1005
1162	1072
1162	1075
1162	1111
1162	1162
1162	1163
1162	1168
1162	1170
1162	1171
1162	1197
1162	1198
1162	1278
1163	315
1163	1002
1163	1075
1163	1116
1163	1162
1163	1163
1163	1168
1163	1171
1163	1198
1163	1311
1164	703
1164	1114
1164	1164
1165	382
1165	383
1165	621
1165	1046
1165	1165
1166	168
1166	169
1166	437
1166	548
1166	605
1166	607
1166	608
1166	609
1166	610
1166	980
1166	1166
1166	1167
1167	485
1167	522
1167	611
1167	1166
1167	1167
1168	398
1168	728
1168	1001
1168	1002
1168	1004
1168	1075
1168	1162
1168	1163
1168	1168
1168	1171
1168	1197
1168	1198
1168	1278
1169	1169
1170	1001
1170	1162
1170	1170
1170	1171
1171	709
1171	719
1171	1001
1171	1002
1171	1004
1171	1075
1171	1111
1171	1162
1171	1163
1171	1168
1171	1170
1171	1171
1171	1197
1171	1198
1171	1278
1172	667
1172	668
1172	672
1172	673
1172	710
1172	711
1172	712
1172	713
1172	715
1172	716
1172	717
1172	961
1172	1172
1172	1182
1173	544
1173	1097
1173	1173
1173	1174
1174	1097
1174	1173
1174	1174
1175	1092
1175	1100
1175	1175
1175	1176
1175	1177
1175	1178
1176	741
1176	1099
1176	1100
1176	1131
1176	1135
1176	1137
1176	1175
1176	1176
1176	1177
1176	1178
1177	741
1177	1099
1177	1100
1177	1175
1177	1176
1177	1177
1177	1178
1178	741
1178	1099
1178	1100
1178	1131
1178	1135
1178	1137
1178	1175
1178	1176
1178	1177
1178	1178
1179	33
1179	34
1179	45
1179	48
1179	55
1179	69
1179	653
1179	657
1179	795
1179	1179
1180	1180
1181	103
1181	104
1181	819
1181	887
1181	1108
1181	1181
1182	672
1182	673
1182	709
1182	710
1182	711
1182	712
1182	713
1182	714
1182	715
1182	716
1182	717
1182	961
1182	1172
1182	1182
1183	415
1183	416
1183	417
1183	418
1183	419
1183	420
1183	421
1183	422
1183	442
1183	443
1183	444
1183	445
1183	525
1183	526
1183	527
1183	531
1183	532
1183	533
1183	842
1183	843
1183	844
1183	1119
1183	1120
1183	1127
1183	1128
1183	1129
1183	1183
1183	1184
1183	1185
1183	1204
1183	1205
1183	1322
1184	447
1184	449
1184	450
1184	464
1184	475
1184	479
1184	480
1184	481
1184	482
1184	483
1184	524
1184	527
1184	530
1184	793
1184	845
1184	846
1184	847
1184	853
1184	955
1184	1076
1184	1125
1184	1129
1184	1183
1184	1184
1184	1185
1184	1193
1184	1204
1184	1205
1184	1216
1184	1219
1184	1322
1185	447
1185	449
1185	450
1185	464
1185	475
1185	479
1185	480
1185	481
1185	482
1185	483
1185	524
1185	525
1185	527
1185	530
1185	793
1185	844
1185	845
1185	846
1185	847
1185	853
1185	955
1185	1076
1185	1125
1185	1127
1185	1128
1185	1129
1185	1183
1185	1184
1185	1185
1185	1193
1185	1205
1185	1216
1185	1219
1185	1322
1186	888
1186	889
1186	890
1186	891
1186	892
1186	1186
1186	1312
1186	1313
1187	1187
1187	1191
1188	217
1188	1188
1189	1189
1190	1190
1190	1330
1191	1187
1191	1191
1192	1192
1193	418
1193	442
1193	443
1193	444
1193	446
1193	447
1193	448
1193	449
1193	450
1193	451
1193	475
1193	477
1193	479
1193	528
1193	529
1193	534
1193	842
1193	1127
1193	1129
1193	1184
1193	1185
1193	1193
1193	1205
1193	1322
1194	1194
1195	1195
1196	81
1196	1196
1196	1226
1197	398
1197	728
1197	1001
1197	1002
1197	1004
1197	1075
1197	1162
1197	1168
1197	1171
1197	1197
1197	1198
1197	1221
1197	1278
1198	728
1198	1001
1198	1002
1198	1004
1198	1005
1198	1075
1198	1162
1198	1163
1198	1168
1198	1171
1198	1197
1198	1198
1198	1221
1198	1278
1199	1199
1199	1213
1200	1200
1200	1212
1200	1213
1201	1201
1201	1202
1202	1201
1202	1202
1203	1203
1204	415
1204	416
1204	417
1204	419
1204	420
1204	421
1204	422
1204	442
1204	443
1204	444
1204	445
1204	477
1204	478
1204	525
1204	526
1204	527
1204	531
1204	532
1204	533
1204	842
1204	843
1204	844
1204	1119
1204	1120
1204	1128
1204	1183
1204	1184
1204	1204
1204	1205
1205	447
1205	449
1205	450
1205	464
1205	475
1205	479
1205	480
1205	481
1205	482
1205	483
1205	524
1205	527
1205	530
1205	793
1205	845
1205	846
1205	847
1205	853
1205	955
1205	1076
1205	1125
1205	1129
1205	1183
1205	1184
1205	1185
1205	1193
1205	1204
1205	1205
1205	1216
1205	1219
1205	1322
1206	452
1206	453
1206	454
1206	455
1206	456
1206	457
1206	458
1206	459
1206	465
1206	1124
1206	1206
1206	1219
1206	1227
1207	513
1207	518
1207	519
1207	520
1207	1207
1208	1208
1209	183
1209	596
1209	1209
1209	1210
1209	1221
1209	1256
1210	1086
1210	1209
1210	1210
1210	1254
1211	757
1211	1211
1211	1212
1211	1213
1211	1222
1211	1224
1211	1296
1212	1200
1212	1211
1212	1212
1212	1213
1212	1224
1213	61
1213	1199
1213	1200
1213	1211
1213	1212
1213	1213
1213	1224
1214	1214
1215	51
1215	54
1215	789
1215	1215
1215	1275
1216	464
1216	474
1216	476
1216	481
1216	483
1216	524
1216	793
1216	845
1216	846
1216	847
1216	853
1216	955
1216	1076
1216	1125
1216	1184
1216	1185
1216	1205
1216	1216
1216	1219
1216	1227
1217	1217
1217	1218
1218	1217
1218	1218
1219	464
1219	465
1219	474
1219	483
1219	524
1219	793
1219	846
1219	847
1219	853
1219	955
1219	1124
1219	1125
1219	1184
1219	1185
1219	1205
1219	1206
1219	1216
1219	1219
1219	1227
1220	331
1220	332
1220	583
1220	584
1220	585
1220	612
1220	625
1220	626
1220	632
1220	633
1220	785
1220	798
1220	799
1220	1073
1220	1112
1220	1220
1220	1228
1220	1336
1220	1387
1221	259
1221	596
1221	685
1221	709
1221	1197
1221	1198
1221	1209
1221	1221
1221	1256
1222	757
1222	758
1222	1211
1222	1222
1223	1223
1223	1231
1223	1232
1223	1235
1223	1236
1223	1238
1223	1239
1223	1241
1223	1243
1223	1318
1224	57
1224	60
1224	61
1224	242
1224	1211
1224	1212
1224	1213
1224	1224
1224	1240
1225	1225
1225	1229
1226	81
1226	1196
1226	1226
1227	465
1227	467
1227	827
1227	835
1227	1039
1227	1054
1227	1055
1227	1056
1227	1057
1227	1124
1227	1125
1227	1206
1227	1216
1227	1219
1227	1227
1228	331
1228	332
1228	583
1228	584
1228	585
1228	612
1228	625
1228	626
1228	632
1228	633
1228	785
1228	798
1228	799
1228	1073
1228	1112
1228	1220
1228	1228
1228	1336
1228	1387
1229	706
1229	711
1229	712
1229	713
1229	1225
1229	1229
1229	1241
1230	1230
1231	1130
1231	1223
1231	1231
1231	1235
1232	543
1232	852
1232	1223
1232	1232
1232	1236
1232	1333
1233	1159
1233	1160
1233	1233
1234	796
1234	913
1234	914
1234	915
1234	1234
1235	898
1235	899
1235	900
1235	901
1235	1223
1235	1231
1235	1235
1236	543
1236	852
1236	1223
1236	1232
1236	1236
1236	1333
1237	586
1237	1237
1238	1223
1238	1238
1238	1239
1238	1241
1238	1297
1239	1223
1239	1238
1239	1239
1239	1241
1239	1297
1240	1224
1240	1240
1240	1241
1241	1223
1241	1229
1241	1238
1241	1239
1241	1240
1241	1241
1241	1243
1241	1452
1242	1242
1243	1223
1243	1241
1243	1243
1243	1417
1244	1244
1245	1245
1245	1246
1246	1245
1246	1246
1247	1247
1247	1248
1248	1247
1248	1248
1249	1249
1250	797
1250	992
1250	999
1250	1024
1250	1143
1250	1250
1250	1261
1251	1251
1252	590
1252	1008
1252	1084
1252	1085
1252	1252
1252	1253
1252	1255
1252	1263
1252	1264
1253	1084
1253	1252
1253	1253
1253	1255
1253	1264
1254	1081
1254	1082
1254	1210
1254	1254
1255	1084
1255	1085
1255	1252
1255	1253
1255	1255
1255	1256
1255	1257
1255	1263
1255	1264
1256	4
1256	139
1256	177
1256	183
1256	260
1256	679
1256	857
1256	1086
1256	1209
1256	1221
1256	1255
1256	1256
1256	1257
1256	1259
1257	4
1257	1255
1257	1256
1257	1257
1257	1263
1257	1264
1257	1285
1257	1424
1257	1433
1258	1258
1259	4
1259	706
1259	710
1259	1256
1259	1259
1260	262
1260	973
1260	1260
1261	14
1261	663
1261	688
1261	740
1261	788
1261	797
1261	992
1261	1143
1261	1250
1261	1261
1261	1376
1261	1439
1262	1262
1263	1084
1263	1085
1263	1252
1263	1255
1263	1257
1263	1263
1263	1264
1263	1311
1264	1084
1264	1085
1264	1252
1264	1253
1264	1255
1264	1257
1264	1263
1264	1264
1265	1265
1265	1266
1266	1265
1266	1266
1267	1267
1267	1418
1268	1268
1269	565
1269	826
1269	1269
1269	1357
1270	1270
1271	880
1271	1271
1271	1374
1272	987
1272	1272
1273	880
1273	1012
1273	1273
1273	1283
1273	1285
1273	1374
1274	742
1274	1274
1275	1215
1275	1275
1276	1276
1277	1277
1277	1347
1278	1001
1278	1002
1278	1004
1278	1005
1278	1075
1278	1162
1278	1168
1278	1171
1278	1197
1278	1198
1278	1278
1279	957
1279	1080
1279	1279
1279	1280
1280	957
1280	1080
1280	1279
1280	1280
1281	1281
1282	293
1282	358
1282	1116
1282	1282
1282	1374
1283	208
1283	254
1283	255
1283	268
1283	283
1283	316
1283	398
1283	700
1283	880
1283	1132
1283	1134
1283	1136
1283	1139
1283	1273
1283	1283
1283	1374
1284	1284
1285	750
1285	1041
1285	1111
1285	1114
1285	1115
1285	1116
1285	1257
1285	1273
1285	1285
1285	1310
1285	1321
1285	1346
1286	126
1286	130
1286	433
1286	538
1286	952
1286	1022
1286	1026
1286	1286
1286	1287
1286	1288
1286	1289
1286	1421
1287	126
1287	130
1287	433
1287	538
1287	952
1287	1022
1287	1026
1287	1286
1287	1287
1287	1288
1287	1289
1287	1421
1288	126
1288	130
1288	160
1288	391
1288	433
1288	538
1288	952
1288	1022
1288	1026
1288	1286
1288	1287
1288	1288
1288	1289
1288	1406
1288	1421
1289	1286
1289	1287
1289	1288
1289	1289
1290	298
1290	340
1290	354
1290	794
1290	941
1290	942
1290	1016
1290	1031
1290	1290
1290	1420
1290	1449
1291	348
1291	352
1291	1042
1291	1291
1292	75
1292	241
1292	244
1292	556
1292	588
1292	848
1292	849
1292	850
1292	851
1292	861
1292	863
1292	937
1292	962
1292	1032
1292	1144
1292	1145
1292	1292
1292	1293
1292	1366
1292	1369
1292	1370
1292	1371
1292	1372
1292	1373
1292	1404
1293	849
1293	860
1293	861
1293	862
1293	863
1293	864
1293	865
1293	866
1293	867
1293	868
1293	869
1293	905
1293	906
1293	908
1293	962
1293	1292
1293	1293
1293	1328
1293	1373
1294	99
1294	281
1294	490
1294	491
1294	495
1294	496
1294	733
1294	734
1294	735
1294	738
1294	739
1294	749
1294	1059
1294	1294
1294	1295
1295	99
1295	281
1295	490
1295	491
1295	495
1295	496
1295	733
1295	734
1295	735
1295	738
1295	739
1295	749
1295	1059
1295	1294
1295	1295
1296	757
1296	758
1296	1104
1296	1211
1296	1296
1297	27
1297	36
1297	37
1297	39
1297	67
1297	653
1297	755
1297	789
1297	1238
1297	1239
1297	1297
1297	1452
1298	556
1298	661
1298	848
1298	1144
1298	1145
1298	1298
1298	1372
1298	1404
1298	1405
1299	958
1299	1299
1300	147
1300	152
1300	153
1300	385
1300	438
1300	439
1300	501
1300	708
1300	773
1300	779
1300	1094
1300	1300
1301	288
1301	390
1301	1126
1301	1158
1301	1301
1301	1302
1301	1303
1301	1304
1301	1305
1301	1306
1301	1307
1302	288
1302	390
1302	1126
1302	1158
1302	1301
1302	1302
1302	1303
1302	1304
1302	1305
1302	1306
1302	1307
1303	288
1303	390
1303	1158
1303	1301
1303	1302
1303	1303
1303	1304
1303	1305
1303	1306
1303	1307
1304	288
1304	390
1304	1158
1304	1301
1304	1302
1304	1303
1304	1304
1304	1305
1304	1306
1304	1307
1305	288
1305	289
1305	390
1305	1158
1305	1301
1305	1302
1305	1303
1305	1304
1305	1305
1305	1306
1305	1307
1306	288
1306	289
1306	390
1306	1126
1306	1158
1306	1301
1306	1302
1306	1303
1306	1304
1306	1305
1306	1306
1306	1307
1307	288
1307	289
1307	390
1307	1301
1307	1302
1307	1303
1307	1304
1307	1305
1307	1306
1307	1307
1308	202
1308	203
1308	663
1308	756
1308	1308
1309	582
1309	590
1309	591
1309	618
1309	623
1309	646
1309	772
1309	857
1309	880
1309	1041
1309	1118
1309	1122
1309	1136
1309	1309
1309	1310
1309	1311
1309	1415
1310	270
1310	703
1310	1041
1310	1113
1310	1285
1310	1309
1310	1310
1310	1311
1310	1346
1311	251
1311	582
1311	1084
1311	1085
1311	1116
1311	1163
1311	1263
1311	1309
1311	1310
1311	1311
1312	888
1312	889
1312	890
1312	891
1312	892
1312	1186
1312	1312
1312	1313
1312	1318
1313	888
1313	889
1313	890
1313	891
1313	892
1313	1186
1313	1312
1313	1313
1313	1318
1314	1314
1315	1315
1316	1316
1317	1317
1318	238
1318	638
1318	1223
1318	1312
1318	1313
1318	1318
1319	229
1319	615
1319	1319
1320	1320
1321	623
1321	1285
1321	1321
1322	418
1322	446
1322	447
1322	448
1322	449
1322	450
1322	451
1322	479
1322	480
1322	481
1322	482
1322	527
1322	528
1322	529
1322	534
1322	845
1322	1076
1322	1119
1322	1127
1322	1129
1322	1183
1322	1184
1322	1185
1322	1193
1322	1205
1322	1322
1323	75
1323	849
1323	861
1323	862
1323	865
1323	868
1323	1323
1324	1324
1325	990
1325	1325
1326	62
1326	63
1326	296
1326	347
1326	710
1326	786
1326	1326
1326	1399
1327	226
1327	763
1327	1327
1328	860
1328	861
1328	862
1328	863
1328	864
1328	865
1328	866
1328	867
1328	868
1328	869
1328	905
1328	906
1328	908
1328	1293
1328	1328
1329	500
1329	502
1329	1329
1330	1190
1330	1330
1331	1331
1332	1332
1333	543
1333	544
1333	770
1333	771
1333	852
1333	1232
1333	1236
1333	1333
1334	1334
1335	1028
1335	1335
1336	331
1336	332
1336	399
1336	583
1336	584
1336	585
1336	612
1336	625
1336	626
1336	631
1336	632
1336	633
1336	784
1336	785
1336	798
1336	799
1336	1073
1336	1112
1336	1220
1336	1228
1336	1336
1336	1387
1337	11
1337	44
1337	1337
1337	1338
1337	1339
1337	1340
1337	1341
1338	1
1338	8
1338	40
1338	41
1338	44
1338	1337
1338	1338
1338	1339
1338	1340
1338	1341
1339	1
1339	8
1339	40
1339	41
1339	44
1339	1337
1339	1338
1339	1339
1339	1340
1339	1341
1340	1
1340	8
1340	40
1340	41
1340	44
1340	1337
1340	1338
1340	1339
1340	1340
1340	1341
1341	1
1341	8
1341	40
1341	41
1341	44
1341	1337
1341	1338
1341	1339
1341	1340
1341	1341
1342	1342
1343	1343
1344	1344
1345	30
1345	1345
1346	177
1346	256
1346	257
1346	258
1346	259
1346	573
1346	703
1346	1079
1346	1111
1346	1285
1346	1310
1346	1346
1346	1376
1347	1277
1347	1347
1348	1348
1349	1349
1350	565
1350	1350
1350	1351
1351	566
1351	567
1351	679
1351	1350
1351	1351
1351	1437
1351	1438
1352	1352
1353	65
1353	392
1353	803
1353	804
1353	805
1353	806
1353	817
1353	1353
1354	65
1354	392
1354	803
1354	804
1354	805
1354	806
1354	817
1354	1354
1355	17
1355	119
1355	178
1355	179
1355	180
1355	190
1355	234
1355	1355
1355	1356
1355	1377
1356	17
1356	120
1356	191
1356	234
1356	1355
1356	1356
1357	1269
1357	1357
1358	1358
1358	1431
1358	1432
1359	586
1359	917
1359	1152
1359	1359
1359	1360
1359	1361
1360	586
1360	1154
1360	1359
1360	1360
1360	1361
1361	586
1361	1154
1361	1359
1361	1360
1361	1361
1362	595
1362	689
1362	776
1362	777
1362	1362
1363	635
1363	1363
1363	1364
1364	635
1364	1363
1364	1364
1365	1025
1365	1365
1366	75
1366	122
1366	241
1366	244
1366	514
1366	556
1366	588
1366	661
1366	759
1366	848
1366	849
1366	850
1366	851
1366	854
1366	962
1366	1032
1366	1144
1366	1145
1366	1292
1366	1366
1366	1372
1366	1373
1366	1404
1366	1405
1367	127
1367	128
1367	129
1367	211
1367	1010
1367	1155
1367	1367
1367	1368
1368	127
1368	128
1368	129
1368	1010
1368	1155
1368	1367
1368	1368
1369	75
1369	241
1369	244
1369	588
1369	849
1369	850
1369	851
1369	962
1369	1032
1369	1292
1369	1369
1369	1370
1369	1371
1369	1372
1369	1373
1370	241
1370	244
1370	588
1370	962
1370	1032
1370	1292
1370	1369
1370	1370
1370	1371
1370	1372
1370	1373
1370	1407
1371	241
1371	244
1371	588
1371	962
1371	1032
1371	1292
1371	1369
1371	1370
1371	1371
1371	1372
1371	1373
1371	1407
1372	75
1372	122
1372	241
1372	244
1372	514
1372	556
1372	588
1372	661
1372	759
1372	848
1372	849
1372	850
1372	851
1372	854
1372	937
1372	962
1372	1032
1372	1144
1372	1145
1372	1292
1372	1298
1372	1366
1372	1369
1372	1370
1372	1371
1372	1372
1372	1373
1372	1404
1372	1405
1373	75
1373	122
1373	241
1373	244
1373	556
1373	588
1373	661
1373	848
1373	849
1373	850
1373	851
1373	861
1373	862
1373	865
1373	868
1373	869
1373	937
1373	962
1373	1032
1373	1144
1373	1145
1373	1292
1373	1293
1373	1366
1373	1369
1373	1370
1373	1371
1373	1372
1373	1373
1373	1404
1373	1405
1374	254
1374	255
1374	261
1374	273
1374	275
1374	293
1374	493
1374	880
1374	1111
1374	1116
1374	1132
1374	1271
1374	1273
1374	1282
1374	1283
1374	1374
1375	1375
1376	176
1376	688
1376	740
1376	1261
1376	1346
1376	1376
1377	17
1377	119
1377	120
1377	178
1377	179
1377	180
1377	190
1377	191
1377	1355
1377	1377
1378	1378
1378	1394
1379	802
1379	1379
1379	1394
1380	192
1380	1380
1380	1383
1381	235
1381	238
1381	276
1381	277
1381	278
1381	279
1381	280
1381	1033
1381	1079
1381	1381
1381	1382
1382	238
1382	276
1382	277
1382	278
1382	279
1382	280
1382	1033
1382	1079
1382	1381
1382	1382
1383	186
1383	192
1383	1380
1383	1383
1384	1384
1385	321
1385	1385
1386	603
1386	1386
1387	331
1387	332
1387	399
1387	581
1387	582
1387	583
1387	584
1387	585
1387	612
1387	625
1387	626
1387	632
1387	633
1387	784
1387	785
1387	798
1387	799
1387	1073
1387	1112
1387	1220
1387	1228
1387	1336
1387	1387
1388	1388
1389	1389
1390	256
1390	258
1390	259
1390	550
1390	558
1390	1067
1390	1069
1390	1074
1390	1390
1391	656
1391	1391
1392	1392
1392	1419
1392	1433
1393	1393
1394	802
1394	1378
1394	1379
1394	1394
1395	1395
1396	993
1396	1396
1396	1398
1397	362
1397	363
1397	364
1397	369
1397	370
1397	371
1397	376
1397	377
1397	378
1397	1397
1397	1423
1398	993
1398	1396
1398	1398
1399	62
1399	63
1399	296
1399	347
1399	786
1399	1326
1399	1399
1399	1451
1400	1400
1401	642
1401	754
1401	1401
1402	222
1402	575
1402	576
1402	577
1402	621
1402	1046
1402	1402
1402	1403
1403	222
1403	575
1403	576
1403	577
1403	621
1403	636
1403	1402
1403	1403
1404	75
1404	122
1404	241
1404	244
1404	556
1404	588
1404	661
1404	759
1404	848
1404	849
1404	850
1404	851
1404	854
1404	864
1404	937
1404	962
1404	1032
1404	1144
1404	1145
1404	1292
1404	1298
1404	1366
1404	1372
1404	1373
1404	1404
1404	1405
1404	1407
1405	75
1405	122
1405	244
1405	514
1405	556
1405	588
1405	661
1405	759
1405	848
1405	849
1405	850
1405	851
1405	854
1405	869
1405	937
1405	962
1405	1032
1405	1144
1405	1145
1405	1298
1405	1366
1405	1372
1405	1373
1405	1404
1405	1405
1406	126
1406	130
1406	160
1406	391
1406	538
1406	952
1406	1022
1406	1026
1406	1288
1406	1406
1406	1421
1407	588
1407	848
1407	850
1407	851
1407	1370
1407	1371
1407	1404
1407	1407
1408	1408
1409	1409
1410	41
1410	47
1410	1410
1411	1411
1412	300
1412	1412
1413	1012
1413	1413
1413	1415
1414	239
1414	589
1414	836
1414	1414
1415	273
1415	275
1415	591
1415	601
1415	719
1415	772
1415	826
1415	1041
1415	1111
1415	1113
1415	1309
1415	1413
1415	1415
1416	267
1416	294
1416	295
1416	302
1416	318
1416	319
1416	387
1416	1416
1416	1435
1417	1243
1417	1417
1418	1267
1418	1418
1419	617
1419	1392
1419	1419
1419	1433
1419	1453
1419	1454
1419	1455
1419	1457
1419	1458
1420	298
1420	340
1420	354
1420	794
1420	941
1420	942
1420	1016
1420	1031
1420	1290
1420	1420
1420	1449
1421	126
1421	130
1421	433
1421	538
1421	952
1421	1022
1421	1026
1421	1286
1421	1287
1421	1288
1421	1406
1421	1421
1422	1422
1423	82
1423	342
1423	362
1423	363
1423	364
1423	365
1423	369
1423	370
1423	371
1423	376
1423	377
1423	378
1423	1397
1423	1423
1424	1081
1424	1257
1424	1424
1424	1439
1425	435
1425	436
1425	1425
1425	1426
1426	435
1426	436
1426	1425
1426	1426
1427	1427
1427	1441
1427	1442
1428	1428
1429	1429
1430	742
1430	787
1430	1430
1431	1358
1431	1431
1431	1432
1432	1358
1432	1431
1432	1432
1433	617
1433	1257
1433	1392
1433	1419
1433	1433
1433	1453
1433	1454
1433	1455
1434	652
1434	1434
1435	295
1435	302
1435	767
1435	1416
1435	1435
1435	1437
1435	1438
1436	679
1436	1436
1436	1437
1436	1438
1437	273
1437	275
1437	295
1437	567
1437	586
1437	679
1437	971
1437	1351
1437	1435
1437	1436
1437	1437
1437	1438
1438	201
1438	295
1438	773
1438	820
1438	1351
1438	1435
1438	1436
1438	1437
1438	1438
1439	14
1439	797
1439	1024
1439	1081
1439	1143
1439	1261
1439	1424
1439	1439
1440	1440
1441	1427
1441	1441
1441	1442
1442	1427
1442	1441
1442	1442
1443	1443
1443	1444
1444	1443
1444	1444
1445	716
1445	717
1445	754
1445	1005
1445	1445
1445	1446
1445	1447
1446	202
1446	217
1446	717
1446	1005
1446	1445
1446	1446
1446	1447
1447	715
1447	716
1447	717
1447	1445
1447	1446
1447	1447
1448	933
1448	934
1448	935
1448	1023
1448	1448
1449	196
1449	197
1449	298
1449	340
1449	354
1449	794
1449	941
1449	942
1449	1016
1449	1031
1449	1290
1449	1420
1449	1449
1450	1450
1451	62
1451	63
1451	296
1451	347
1451	786
1451	1399
1451	1451
1452	36
1452	67
1452	1241
1452	1297
1452	1452
1453	617
1453	1419
1453	1433
1453	1453
1453	1454
1453	1455
1454	617
1454	1419
1454	1433
1454	1453
1454	1454
1454	1455
1455	617
1455	1419
1455	1433
1455	1453
1455	1454
1455	1455
1456	269
1456	1456
1457	1419
1457	1457
1457	1458
1458	1419
1458	1457
1458	1458
1459	509
1459	510
1459	677
1459	1459
1460	6
1460	7
1460	8
1460	18
1460	70
1460	521
1460	789
1460	825
1460	875
1460	1460
1460	1464
1460	1465
1460	1466
1460	1467
1460	1468
1460	1470
1461	1461
1462	1462
1463	6
1463	18
1463	1463
1463	1465
1463	1468
1464	7
1464	8
1464	69
1464	70
1464	71
1464	825
1464	1460
1464	1464
1464	1466
1464	1467
1464	1470
1465	7
1465	70
1465	361
1465	1460
1465	1463
1465	1465
1465	1466
1465	1467
1465	1470
1466	6
1466	7
1466	8
1466	70
1466	71
1466	825
1466	1460
1466	1464
1466	1465
1466	1466
1466	1467
1466	1468
1466	1470
1467	6
1467	7
1467	8
1467	18
1467	70
1467	361
1467	1460
1467	1464
1467	1465
1467	1466
1467	1467
1467	1468
1467	1470
1468	6
1468	7
1468	11
1468	18
1468	30
1468	70
1468	1460
1468	1463
1468	1466
1468	1467
1468	1468
1468	1470
1469	1469
1470	6
1470	7
1470	8
1470	18
1470	70
1470	361
1470	1460
1470	1464
1470	1465
1470	1466
1470	1467
1470	1468
1470	1470
